PRECINCT NAME,UNKNOWN,UNKNOWN FEMALE,UNKNOWN MALE,OTHER UNKNOWN,OTHER FEMALE,OTHER MALE,NATIVE-AM UNKNOWN,NATIVE-AM FEMALE,NATIVE-AM MALE,HISP-LT UNKNOWN,HISP-LT FEMALE,HISP-LT MALE,ASIA-PI UNKNOWN,ASIA-PI FEMALE,ASIA-PI MALE,WHITE UNKNOWN,WHITE FEMALE,WHITE MALE,BLACK UNKNOWN,BLACK FEMALE,BLACK MALE,TOTAL
AC1A,4.000,181.0,167.0,0.00,43.00,30.00,0.00,5.000,2.000,1.000,138.0,96.00,1.000,66.00,64.00,1.000,1566.0,1345.0,2.000,559.0,408.0,4679.0
AC1B,1.000,134.0,155.0,0.00,32.00,19.00,0.00,1.000,1.000,0.00,101.0,96.00,0.00,33.00,21.00,0.00,1740.0,1338.0,0.00,554.0,342.0,4568.0
AC1C,1.000,199.0,187.0,0.00,40.00,44.00,0.00,5.000,2.000,2.000,152.0,113.0,0.00,49.00,49.00,0.00,1110.0,985.0,2.000,902.0,628.0,4470.0
AD01,3.000,74.00,69.00,0.00,28.00,29.00,0.00,0.00,1.000,0.00,54.00,33.00,0.00,51.00,49.00,1.000,862.0,805.0,0.00,126.0,103.0,2288.0
AU1A,2.000,130.0,115.0,0.00,39.00,37.00,0.00,3.000,2.000,0.00,73.00,58.00,0.00,21.00,17.00,0.00,595.0,475.0,4.000,1514.0,1061.0,4146.0
BF02,1.000,121.0,108.0,0.00,30.00,37.00,0.00,1.000,1.000,1.000,50.00,50.00,0.00,67.00,76.00,1.000,977.0,922.0,0.00,246.0,203.0,2892.0
BF03,0.00,187.0,221.0,0.00,53.00,62.00,0.00,5.000,1.000,0.00,125.0,117.0,0.00,47.00,48.00,7.000,2091.0,1978.0,1.000,410.0,339.0,5692.0
BG01,1.000,94.00,96.00,0.00,21.00,18.00,0.00,0.00,0.00,0.00,58.00,47.00,0.00,31.00,20.00,1.000,898.0,868.0,1.000,260.0,166.0,2580.0
BG02,2.000,99.00,83.00,0.00,36.00,27.00,0.00,2.000,2.000,0.00,44.00,43.00,0.00,44.00,37.00,2.000,1060.0,1006.0,1.000,239.0,168.0,2895.0
BK01,2.000,201.0,186.0,0.00,53.00,50.00,0.00,2.000,1.000,0.00,113.0,80.00,0.00,74.00,78.00,1.000,1240.0,1112.0,3.000,671.0,527.0,4394.0
BR01,0.00,87.00,61.00,0.00,31.00,20.00,0.00,1.000,1.000,1.000,90.00,67.00,0.00,16.00,11.00,1.000,560.0,442.0,2.000,577.0,415.0,2383.0
BR02,1.000,99.00,94.00,0.00,46.00,25.00,0.00,1.000,2.000,1.000,77.00,68.00,0.00,46.00,43.00,0.00,930.0,835.0,0.00,699.0,515.0,3482.0
BT01,0.00,43.00,46.00,0.00,12.00,10.00,0.00,0.00,1.000,0.00,29.00,22.00,0.00,6.000,3.000,0.00,75.00,62.00,1.000,904.0,660.0,1874.0
BT02,3.000,173.0,156.0,0.00,57.00,34.00,0.00,4.000,2.000,0.00,107.0,75.00,0.00,13.00,9.000,1.000,159.0,120.0,3.000,2793.0,1633.0,5342.0
BW01,2.000,103.0,108.0,0.00,37.00,22.00,0.00,2.000,2.000,0.00,38.00,44.00,0.00,79.00,71.00,1.000,802.0,774.0,0.00,208.0,147.0,2440.0
CA01,5.000,277.0,279.0,0.00,91.00,50.00,0.00,6.000,2.000,0.00,95.00,100.0,0.00,78.00,74.00,1.000,1191.0,1242.0,2.000,1263.0,769.0,5525.0
CH02,3.000,64.00,68.00,0.00,26.00,23.00,0.00,2.000,0.00,0.00,35.00,36.00,0.00,28.00,24.00,2.000,1105.0,1076.0,0.00,182.0,148.0,2822.0
CH03,0.00,97.00,86.00,0.00,30.00,26.00,0.00,3.000,1.000,0.00,40.00,42.00,0.00,45.00,26.00,1.000,1369.0,1298.0,1.000,375.0,309.0,3749.0
CK01,3.000,215.0,203.0,1.000,58.00,39.00,0.00,4.000,3.000,0.00,102.0,79.00,0.00,58.00,48.00,4.000,1417.0,1299.0,5.000,662.0,440.0,4640.0
CL01,0.00,55.00,40.00,0.00,20.00,12.00,0.00,2.000,0.00,0.00,46.00,44.00,0.00,7.000,5.000,1.000,442.0,365.0,0.00,381.0,289.0,1709.0
CL02,2.000,124.0,131.0,0.00,45.00,35.00,0.00,0.00,0.00,0.00,83.00,62.00,0.00,17.00,15.00,1.000,897.0,778.0,2.000,1372.0,1121.0,4685.0
CO01,1.000,116.0,108.0,0.00,56.00,33.00,0.00,5.000,1.000,1.000,114.0,65.00,0.00,29.00,16.00,1.000,670.0,498.0,1.000,1686.0,1045.0,4446.0
CR01,0.00,71.00,83.00,0.00,19.00,26.00,0.00,1.000,2.000,0.00,22.00,25.00,0.00,49.00,48.00,0.00,1323.0,1249.0,0.00,67.00,65.00,3050.0
DC01,1.000,70.00,69.00,0.00,24.00,24.00,0.00,1.000,0.00,0.00,24.00,20.00,1.000,83.00,71.00,2.000,1195.0,1092.0,0.00,50.00,58.00,2785.0
DI01,2.000,238.0,223.0,1.000,63.00,36.00,0.00,5.000,1.000,0.00,126.0,97.00,0.00,33.00,29.00,1.000,526.0,503.0,3.000,1382.0,938.0,4207.0
DL01,4.000,62.00,82.00,1.000,24.00,31.00,0.00,2.000,1.000,0.00,32.00,27.00,0.00,30.00,23.00,0.00,1036.0,960.0,0.00,373.0,287.0,2975.0
DO01,0.00,50.00,56.00,0.00,14.00,10.00,0.00,0.00,1.000,0.00,19.00,28.00,1.000,63.00,56.00,2.000,885.0,820.0,1.000,44.00,37.00,2087.0
DU01,0.00,107.0,113.0,0.00,16.00,15.00,0.00,2.000,3.000,0.00,32.00,25.00,0.00,30.00,25.00,5.000,1724.0,1626.0,1.000,155.0,137.0,4016.0
DV01,0.00,64.00,69.00,0.00,22.00,14.00,0.00,2.000,2.000,0.00,28.00,18.00,0.00,32.00,16.00,1.000,813.0,745.0,0.00,91.00,56.00,1973.0
EA01,2.000,73.00,93.00,0.00,21.00,23.00,0.00,3.000,2.000,0.00,34.00,16.00,0.00,62.00,62.00,1.000,1266.0,1119.0,0.00,43.00,45.00,2865.0
EA02,3.000,99.00,94.00,0.00,32.00,31.00,0.00,1.000,1.000,1.000,52.00,43.00,1.000,67.00,43.00,2.000,1635.0,1554.0,0.00,124.0,118.0,3901.0
EL01,5.000,221.0,194.0,1.000,53.00,23.00,0.00,6.000,4.000,0.00,101.0,72.00,1.000,97.00,83.00,1.000,761.0,859.0,2.000,628.0,478.0,3590.0
EL02,0.00,61.00,75.00,0.00,30.00,21.00,0.00,1.000,1.000,0.00,38.00,21.00,0.00,31.00,31.00,1.000,879.0,810.0,0.00,141.0,128.0,2269.0
EL03,0.00,64.00,72.00,0.00,28.00,28.00,0.00,0.00,2.000,0.00,40.00,34.00,0.00,48.00,42.00,0.00,1075.0,921.0,0.00,115.0,111.0,2580.0
EL04,5.000,109.0,102.0,0.00,36.00,34.00,0.00,0.00,0.00,0.00,124.0,46.00,0.00,83.00,67.00,0.00,809.0,694.0,0.00,456.0,282.0,2847.0
EL05,2.000,75.00,81.00,1.000,35.00,35.00,0.00,0.00,1.000,0.00,57.00,42.00,1.000,69.00,69.00,2.000,1176.0,1005.0,0.00,115.0,100.0,2866.0
EP01,1.000,92.00,112.0,0.00,29.00,18.00,0.00,2.000,0.00,0.00,74.00,53.00,0.00,58.00,42.00,1.000,699.0,596.0,0.00,319.0,224.0,2320.0
FO01,4.000,92.00,122.0,0.00,43.00,37.00,0.00,1.000,1.000,0.00,163.0,134.0,0.00,37.00,47.00,0.00,667.0,502.0,3.000,1024.0,790.0,3667.0
FO02,7.000,143.0,139.0,0.00,53.00,42.00,0.00,3.000,5.000,0.00,219.0,191.0,1.000,65.00,64.00,1.000,620.0,535.0,2.000,1349.0,842.0,4281.0
FO04,3.000,81.00,62.00,0.00,25.00,26.00,0.00,1.000,2.000,0.00,181.0,185.0,1.000,33.00,17.00,0.00,478.0,394.0,0.00,417.0,319.0,2225.0
FO05,1.000,61.00,77.00,1.000,23.00,23.00,0.00,3.000,3.000,0.00,119.0,88.00,0.00,5.000,5.000,0.00,407.0,382.0,0.00,407.0,283.0,1888.0
FP01,1.000,97.00,103.0,0.00,33.00,36.00,0.00,2.000,1.000,0.00,44.00,35.00,0.00,153.0,145.0,1.000,1264.0,1201.0,0.00,112.0,93.00,3321.0
FR01,0.00,96.00,107.0,1.000,13.00,16.00,0.00,1.000,0.00,1.000,33.00,40.00,0.00,24.00,18.00,0.00,1274.0,1200.0,1.000,136.0,101.0,3062.0
FY01,1.000,86.00,77.00,1.000,19.00,15.00,0.00,0.00,3.000,0.00,43.00,29.00,0.00,36.00,37.00,1.000,906.0,842.0,0.00,166.0,130.0,2392.0
GM01,1.000,80.00,89.00,1.000,24.00,26.00,0.00,0.00,1.000,1.000,34.00,36.00,0.00,35.00,28.00,3.000,1153.0,1077.0,0.00,98.00,88.00,2775.0
GT01,1.000,127.0,129.0,0.00,33.00,28.00,0.00,0.00,4.000,0.00,86.00,73.00,0.00,56.00,45.00,1.000,1423.0,1303.0,0.00,283.0,241.0,3833.0
HL01,5.000,143.0,153.0,0.00,53.00,34.00,0.00,4.000,4.000,0.00,130.0,89.00,0.00,43.00,26.00,0.00,813.0,663.0,0.00,1791.0,1164.0,5115.0
HR01,0.00,62.00,62.00,0.00,18.00,15.00,0.00,2.000,0.00,0.00,24.00,30.00,0.00,15.00,11.00,1.000,1168.0,1088.0,0.00,96.00,83.00,2675.0
HT01,1.000,113.0,128.0,0.00,37.00,36.00,0.00,3.000,1.000,0.00,59.00,40.00,0.00,74.00,70.00,4.000,1765.0,1597.0,0.00,99.00,89.00,4116.0
HY01,3.000,121.0,134.0,1.000,23.00,35.00,0.00,2.000,0.00,0.00,52.00,49.00,0.00,42.00,36.00,1.000,1467.0,1456.0,2.000,209.0,186.0,3819.0
KE1A,0.00,58.00,82.00,0.00,20.00,26.00,0.00,2.000,2.000,0.00,61.00,60.00,0.00,19.00,16.00,1.000,761.0,639.0,0.00,285.0,181.0,2213.0
KE2A,0.00,118.0,129.0,0.00,37.00,35.00,0.00,2.000,3.000,1.000,84.00,73.00,0.00,67.00,67.00,1.000,1202.0,1108.0,1.000,356.0,272.0,3556.0
KE3A,0.00,246.0,225.0,1.000,67.00,55.00,0.00,4.000,2.000,2.000,148.0,98.00,0.00,77.00,57.00,0.00,1539.0,1152.0,1.000,1195.0,593.0,5462.0
KE4A,2.000,114.0,139.0,0.00,39.00,26.00,0.00,1.000,2.000,0.00,89.00,58.00,0.00,51.00,46.00,1.000,1185.0,1052.0,1.000,353.0,255.0,3414.0
KE5A,3.000,190.0,175.0,0.00,56.00,51.00,0.00,3.000,3.000,0.00,95.00,83.00,0.00,66.00,62.00,1.000,1720.0,1582.0,0.00,669.0,497.0,5256.0
KL01,1.000,51.00,65.00,0.00,13.00,12.00,0.00,0.00,2.000,0.00,37.00,26.00,0.00,10.00,18.00,0.00,813.0,756.0,0.00,75.00,65.00,1944.0
KP01,1.000,36.00,43.00,0.00,9.000,2.000,0.00,2.000,0.00,0.00,16.00,11.00,0.00,15.00,6.000,0.00,834.0,763.0,0.00,67.00,51.00,1856.0
KP02,4.000,80.00,91.00,0.00,28.00,22.00,0.00,3.000,0.00,0.00,43.00,34.00,0.00,39.00,28.00,2.000,1440.0,1224.0,0.00,332.0,268.0,3638.0
KP03,1.000,87.00,91.00,0.00,19.00,20.00,0.00,0.00,2.000,0.00,32.00,21.00,0.00,33.00,22.00,2.000,1574.0,1469.0,0.00,150.0,154.0,3677.0
LA01,2.000,97.00,110.0,0.00,17.00,21.00,0.00,2.000,1.000,1.000,73.00,49.00,1.000,74.00,68.00,3.000,1380.0,1339.0,0.00,132.0,117.0,3487.0
LI01,1.000,129.0,131.0,0.00,60.00,41.00,0.00,1.000,3.000,1.000,48.00,50.00,0.00,66.00,48.00,2.000,964.0,883.0,3.000,1091.0,850.0,4372.0
LM01,2.000,60.00,70.00,0.00,14.00,12.00,0.00,2.000,0.00,0.00,32.00,26.00,0.00,17.00,16.00,0.00,1285.0,1178.0,1.000,242.0,197.0,3154.0
LM02,1.000,86.00,119.0,0.00,14.00,9.000,0.00,1.000,2.000,2.000,25.00,23.00,0.00,11.00,19.00,5.000,1768.0,1666.0,1.000,130.0,101.0,3983.0
LM03,2.000,113.0,111.0,0.00,33.00,18.00,0.00,3.000,2.000,0.00,47.00,37.00,0.00,12.00,20.00,2.000,1857.0,1726.0,1.000,367.0,328.0,4679.0
LM04,1.000,81.00,84.00,0.00,16.00,10.00,0.00,0.00,2.000,0.00,19.00,17.00,0.00,45.00,31.00,0.00,1013.0,932.0,0.00,154.0,144.0,2549.0
LW01,1.000,41.00,40.00,0.00,19.00,8.000,0.00,0.00,0.00,0.00,18.00,16.00,0.00,10.00,9.000,0.00,572.0,549.0,0.00,96.00,92.00,1471.0
MA01,3.000,90.00,118.0,1.000,47.00,27.00,0.00,1.000,4.000,0.00,97.00,71.00,0.00,32.00,27.00,0.00,1037.0,841.0,3.000,1110.0,770.0,4279.0
MA02,2.000,70.00,77.00,0.00,25.00,23.00,0.00,2.000,1.000,0.00,78.00,71.00,0.00,14.00,8.000,0.00,489.0,418.0,0.00,695.0,512.0,2485.0
MA03,0.00,57.00,78.00,0.00,36.00,27.00,0.00,0.00,3.000,0.00,79.00,40.00,0.00,14.00,17.00,5.000,842.0,775.0,1.000,415.0,327.0,2716.0
MA04,0.00,25.00,24.00,0.00,16.00,11.00,0.00,0.00,1.000,0.00,27.00,21.00,0.00,14.00,11.00,0.00,551.0,541.0,1.000,138.0,98.00,1479.0
MB01,0.00,30.00,37.00,0.00,14.00,6.000,0.00,0.00,1.000,0.00,10.00,9.000,0.00,9.000,9.000,1.000,762.0,742.0,2.000,24.00,24.00,1680.0
MC01,1.000,96.00,114.0,0.00,47.00,23.00,0.00,2.000,2.000,0.00,99.00,67.00,0.00,33.00,30.00,0.00,629.0,545.0,0.00,984.0,775.0,3447.0
MD01,1.000,92.00,107.0,1.000,29.00,31.00,0.00,2.000,1.000,0.00,52.00,51.00,0.00,74.00,64.00,5.000,1572.0,1494.0,0.00,119.0,89.00,3784.0
ME01,1.000,60.00,86.00,0.00,20.00,22.00,0.00,1.000,1.000,0.00,49.00,28.00,0.00,27.00,11.00,0.00,805.0,726.0,1.000,594.0,479.0,2911.0
MK01,0.00,41.00,55.00,0.00,10.00,5.000,0.00,2.000,1.000,0.00,14.00,7.000,0.00,21.00,12.00,1.000,747.0,657.0,0.00,73.00,54.00,1700.0
ML01,0.00,49.00,51.00,0.00,12.00,9.000,0.00,2.000,0.00,0.00,17.00,8.000,0.00,6.000,3.000,4.000,632.0,597.0,0.00,72.00,63.00,1525.0
MR1A,1.000,152.0,165.0,1.000,38.00,30.00,0.00,3.000,1.000,0.00,136.0,131.0,0.00,20.00,23.00,1.000,683.0,637.0,2.000,985.0,693.0,3702.0
MR2A,2.000,33.00,41.00,0.00,13.00,13.00,0.00,1.000,0.00,0.00,23.00,15.00,0.00,13.00,6.000,0.00,928.0,764.0,1.000,99.00,95.00,2047.0
MR2B,2.000,123.0,128.0,0.00,41.00,37.00,0.00,0.00,2.000,0.00,78.00,54.00,0.00,41.00,28.00,3.000,1018.0,970.0,1.000,947.0,599.0,4072.0
MR3A,0.00,188.0,154.0,1.000,68.00,41.00,0.00,5.000,3.000,1.000,100.0,60.00,1.000,32.00,23.00,0.00,1759.0,1250.0,0.00,1353.0,711.0,5750.0
MR4A,0.00,38.00,34.00,0.00,7.000,5.000,0.00,0.00,1.000,0.00,6.000,6.000,0.00,11.00,8.000,0.00,902.0,746.0,0.00,26.00,12.00,1802.0
MR4B,0.00,72.00,64.00,0.00,25.00,17.00,0.00,0.00,2.000,0.00,37.00,20.00,1.000,33.00,37.00,0.00,759.0,610.0,0.00,135.0,99.00,1911.0
MR4C,1.000,60.00,61.00,0.00,25.00,20.00,0.00,0.00,0.00,0.00,18.00,18.00,0.00,28.00,28.00,0.00,1093.0,941.0,0.00,164.0,128.0,2585.0
MR5A,4.000,117.0,99.00,0.00,34.00,8.000,0.00,1.000,1.000,0.00,65.00,31.00,0.00,14.00,9.000,0.00,433.0,368.0,1.000,799.0,579.0,2563.0
MR5B,3.000,113.0,127.0,0.00,34.00,24.00,0.00,3.000,2.000,0.00,71.00,59.00,0.00,26.00,25.00,0.00,445.0,418.0,0.00,761.0,496.0,2607.0
MR6A,0.00,109.0,114.0,1.000,37.00,25.00,0.00,1.000,1.000,0.00,65.00,56.00,0.00,20.00,18.00,1.000,445.0,434.0,0.00,656.0,407.0,2390.0
MR6B,0.00,86.00,83.00,0.00,30.00,29.00,0.00,0.00,0.00,1.000,54.00,35.00,0.00,60.00,71.00,1.000,950.0,803.0,0.00,245.0,223.0,2671.0
MR7A,2.000,177.0,180.0,1.000,53.00,39.00,0.00,2.000,2.000,0.00,130.0,121.0,0.00,26.00,26.00,0.00,449.0,405.0,5.000,1299.0,952.0,3869.0
MS01,3.000,76.00,97.00,0.00,19.00,19.00,0.00,0.00,2.000,0.00,44.00,44.00,0.00,20.00,11.00,3.000,1345.0,1267.0,0.00,106.0,101.0,3157.0
MS02,1.000,89.00,97.00,0.00,28.00,23.00,0.00,1.000,4.000,0.00,92.00,81.00,0.00,28.00,30.00,1.000,959.0,836.0,0.00,192.0,176.0,2638.0
MT01,1.000,87.00,95.00,0.00,31.00,28.00,0.00,1.000,0.00,0.00,45.00,32.00,0.00,82.00,69.00,5.000,1776.0,1687.0,0.00,59.00,45.00,4043.0
MT03,1.000,66.00,68.00,0.00,30.00,19.00,0.00,2.000,3.000,1.000,33.00,19.00,1.000,93.00,111.0,3.000,1364.0,1028.0,0.00,82.00,42.00,2966.0
MT04,0.00,83.00,73.00,0.00,34.00,22.00,0.00,1.000,0.00,0.00,21.00,16.00,0.00,61.00,50.00,2.000,1284.0,1216.0,0.00,47.00,47.00,2957.0
NC01,4.000,88.00,82.00,2.000,26.00,18.00,0.00,3.000,1.000,0.00,61.00,49.00,0.00,36.00,33.00,0.00,708.0,661.0,0.00,226.0,178.0,2176.0
NJ01,2.000,205.0,181.0,1.000,58.00,30.00,0.00,3.000,4.000,0.00,75.00,65.00,0.00,59.00,57.00,1.000,1001.0,919.0,1.000,1140.0,673.0,4475.0
NP01,1.000,117.0,125.0,0.00,53.00,32.00,0.00,1.000,1.000,0.00,146.0,156.0,0.00,34.00,28.00,1.000,1166.0,988.0,1.000,777.0,516.0,4143.0
NS01,0.00,84.00,69.00,0.00,27.00,14.00,0.00,0.00,2.000,0.00,48.00,42.00,0.00,23.00,16.00,1.000,945.0,896.0,0.00,133.0,113.0,2413.0
OK01,0.00,99.00,93.00,0.00,38.00,37.00,0.00,0.00,3.000,0.00,53.00,25.00,0.00,53.00,47.00,2.000,1220.0,1090.0,2.000,545.0,346.0,3653.0
OR01,1.000,32.00,40.00,0.00,5.000,8.000,0.00,0.00,1.000,0.00,10.00,11.00,0.00,17.00,13.00,1.000,605.0,581.0,0.00,127.0,105.0,1557.0
OR02,2.000,142.0,177.0,0.00,74.00,54.00,0.00,3.000,3.000,0.00,179.0,149.0,0.00,48.00,38.00,0.00,859.0,757.0,2.000,1427.0,1044.0,4958.0
OR03,2.000,108.0,103.0,1.000,33.00,20.00,0.00,1.000,2.000,0.00,152.0,103.0,0.00,22.00,30.00,0.00,708.0,568.0,0.00,908.0,572.0,3333.0
OR04,1.000,116.0,132.0,0.00,49.00,31.00,0.00,7.000,3.000,0.00,141.0,129.0,0.00,18.00,30.00,1.000,724.0,570.0,1.000,1104.0,844.0,3901.0
OR05,3.000,105.0,97.00,0.00,37.00,23.00,0.00,0.00,1.000,1.000,50.00,33.00,0.00,22.00,19.00,1.000,1028.0,936.0,3.000,619.0,545.0,3523.0
PE01,2.000,118.0,132.0,0.00,51.00,27.00,0.00,3.000,4.000,1.000,137.0,135.0,0.00,16.00,12.00,0.00,519.0,462.0,1.000,1656.0,1234.0,4510.0
PF01,2.000,91.00,110.0,0.00,31.00,36.00,0.00,2.000,0.00,0.00,79.00,56.00,1.000,52.00,44.00,2.000,1320.0,1145.0,0.00,239.0,178.0,3388.0
PM01,0.00,95.00,105.0,0.00,20.00,25.00,0.00,0.00,0.00,1.000,34.00,32.00,0.00,42.00,37.00,1.000,1278.0,1210.0,0.00,135.0,122.0,3137.0
PM02,1.000,66.00,85.00,0.00,22.00,12.00,0.00,0.00,0.00,0.00,31.00,24.00,0.00,32.00,22.00,4.000,1222.0,1142.0,0.00,79.00,63.00,2805.0
PO01,1.000,85.00,108.0,1.000,43.00,32.00,0.00,0.00,2.000,0.00,39.00,33.00,0.00,48.00,41.00,4.000,1488.0,1462.0,0.00,103.0,78.00,3568.0
PP01,1.000,88.00,93.00,0.00,22.00,28.00,0.00,0.00,0.00,0.00,36.00,32.00,0.00,68.00,65.00,0.00,1186.0,1165.0,0.00,120.0,105.0,3009.0
PR01,0.00,79.00,67.00,0.00,19.00,19.00,0.00,1.000,1.000,0.00,48.00,36.00,0.00,40.00,31.00,0.00,946.0,891.0,1.000,185.0,162.0,2526.0
PS1A,4.000,81.00,89.00,1.000,32.00,21.00,0.00,1.000,0.00,0.00,66.00,49.00,0.00,25.00,15.00,1.000,923.0,760.0,2.000,957.0,694.0,3721.0
PS2A,5.000,84.00,83.00,0.00,29.00,30.00,0.00,0.00,1.000,0.00,83.00,66.00,0.00,7.000,7.000,2.000,441.0,338.0,0.00,1133.0,758.0,3067.0
PS3A,1.000,70.00,80.00,0.00,35.00,24.00,0.00,2.000,1.000,0.00,68.00,45.00,1.000,17.00,14.00,0.00,638.0,549.0,1.000,976.0,692.0,3214.0
PT01,2.000,103.0,92.00,0.00,29.00,21.00,0.00,0.00,0.00,0.00,51.00,33.00,0.00,23.00,24.00,3.000,1024.0,975.0,0.00,161.0,158.0,2699.0
RM01,2.000,88.00,103.0,0.00,31.00,24.00,0.00,0.00,3.000,0.00,36.00,31.00,0.00,76.00,63.00,2.000,1317.0,1200.0,2.000,136.0,129.0,3243.0
RS01,1.000,47.00,48.00,0.00,21.00,8.000,0.00,0.00,1.000,0.00,42.00,38.00,0.00,8.000,4.000,0.00,71.00,66.00,0.00,877.0,588.0,1820.0
RW01,5.000,119.0,165.0,0.00,46.00,38.00,0.00,0.00,0.00,0.00,51.00,43.00,0.00,63.00,67.00,2.000,2326.0,2213.0,1.000,93.00,91.00,5323.0
RW02,2.000,113.0,109.0,1.000,26.00,25.00,0.00,1.000,1.000,0.00,46.00,41.00,0.00,103.0,102.0,3.000,1508.0,1439.0,0.00,53.00,55.00,3628.0
SA01,0.00,86.00,89.00,0.00,32.00,29.00,0.00,4.000,3.000,0.00,46.00,40.00,0.00,75.00,62.00,2.000,1034.0,957.0,0.00,154.0,132.0,2745.0
SF01,0.00,93.00,83.00,0.00,26.00,19.00,0.00,2.000,3.000,1.000,40.00,44.00,0.00,58.00,48.00,1.000,1375.0,1329.0,0.00,100.0,88.00,3310.0
SI01,0.00,56.00,64.00,0.00,20.00,17.00,0.00,0.00,0.00,0.00,22.00,18.00,0.00,52.00,44.00,2.000,789.0,696.0,0.00,51.00,40.00,1871.0
SM01,6.000,115.0,95.00,1.000,46.00,34.00,0.00,3.000,1.000,1.000,48.00,33.00,0.00,189.0,180.0,0.00,1204.0,1115.0,0.00,101.0,84.00,3256.0
SM03,3.000,211.0,175.0,0.00,58.00,54.00,0.00,0.00,0.00,0.00,105.0,75.00,1.000,70.00,49.00,2.000,1423.0,1229.0,1.000,760.0,431.0,4647.0
SN1A,3.000,152.0,160.0,1.000,61.00,35.00,0.00,1.000,5.000,1.000,112.0,81.00,0.00,29.00,41.00,0.00,700.0,646.0,2.000,1065.0,673.0,3768.0
SN2A,6.000,216.0,197.0,0.00,73.00,24.00,0.00,6.000,3.000,0.00,96.00,80.00,0.00,58.00,42.00,1.000,1194.0,925.0,3.000,1240.0,792.0,4956.0
SN3A,3.000,178.0,168.0,0.00,56.00,30.00,0.00,4.000,1.000,1.000,108.0,81.00,0.00,60.00,52.00,1.000,1712.0,1478.0,3.000,1042.0,731.0,5709.0
SN4A,5.000,150.0,156.0,0.00,38.00,50.00,0.00,3.000,1.000,0.00,76.00,46.00,0.00,57.00,61.00,3.000,2020.0,1655.0,3.000,755.0,490.0,5569.0
SN5A,4.000,96.00,113.0,0.00,40.00,33.00,0.00,5.000,1.000,0.00,151.0,129.0,0.00,45.00,33.00,0.00,824.0,717.0,1.000,698.0,473.0,3363.0
SN6A,4.000,165.0,177.0,0.00,73.00,54.00,0.00,5.000,3.000,1.000,73.00,49.00,0.00,94.00,81.00,2.000,1834.0,1681.0,2.000,895.0,593.0,5786.0
SN7A,2.000,175.0,165.0,0.00,64.00,48.00,0.00,3.000,5.000,0.00,84.00,57.00,0.00,154.0,131.0,6.000,1544.0,1385.0,4.000,1004.0,739.0,5570.0
SO01,2.000,34.00,48.00,0.00,14.00,18.00,0.00,3.000,1.000,0.00,23.00,17.00,1.000,30.00,31.00,1.000,954.0,886.0,0.00,72.00,55.00,2190.0
SO02,2.000,162.0,162.0,0.00,38.00,40.00,0.00,2.000,6.000,1.000,60.00,49.00,0.00,86.00,79.00,3.000,1596.0,1599.0,0.00,306.0,237.0,4428.0
SO03,0.00,91.00,90.00,1.000,31.00,31.00,0.00,2.000,0.00,0.00,37.00,16.00,0.00,70.00,36.00,4.000,1245.0,1077.0,0.00,127.0,58.00,2916.0
SW01,3.000,65.00,58.00,0.00,30.00,15.00,0.00,2.000,1.000,0.00,53.00,47.00,1.000,13.00,10.00,0.00,708.0,663.0,0.00,665.0,479.0,2813.0
SW02,1.000,90.00,94.00,0.00,33.00,19.00,0.00,1.000,0.00,0.00,70.00,37.00,0.00,23.00,10.00,1.000,518.0,358.0,0.00,1064.0,558.0,2877.0
TM01,4.000,241.0,222.0,0.00,81.00,55.00,0.00,4.000,4.000,0.00,124.0,81.00,0.00,63.00,55.00,1.000,1157.0,959.0,1.000,1393.0,932.0,5377.0
TR01,2.000,54.00,58.00,0.00,18.00,20.00,0.00,0.00,1.000,0.00,18.00,12.00,0.00,51.00,46.00,0.00,1096.0,1046.0,0.00,31.00,32.00,2485.0
VA01,1.000,79.00,78.00,0.00,17.00,11.00,0.00,2.000,3.000,0.00,26.00,21.00,0.00,21.00,13.00,0.00,1326.0,1235.0,0.00,149.0,134.0,3116.0
VG01,2.000,101.0,95.00,0.00,18.00,11.00,0.00,2.000,2.000,0.00,25.00,20.00,0.00,25.00,16.00,0.00,777.0,655.0,0.00,268.0,168.0,2185.0
VG02,3.000,277.0,254.0,1.000,65.00,37.00,0.00,3.000,1.000,1.000,76.00,73.00,0.00,78.00,46.00,4.000,1701.0,1624.0,2.000,1126.0,669.0,6041.0
VG03,2.000,164.0,115.0,1.000,47.00,22.00,0.00,2.000,5.000,0.00,62.00,24.00,0.00,56.00,46.00,2.000,1262.0,1115.0,0.00,789.0,456.0,4170.0
VG04,6.000,84.00,98.00,0.00,22.00,12.00,0.00,2.000,1.000,1.000,32.00,31.00,0.00,22.00,20.00,3.000,1356.0,1225.0,0.00,310.0,181.0,3406.0
WG02,1.000,183.0,156.0,2.000,40.00,35.00,0.00,2.000,1.000,0.00,106.0,79.00,0.00,51.00,57.00,1.000,1371.0,1232.0,2.000,561.0,472.0,4352.0
WL01,1.000,63.00,81.00,0.00,22.00,22.00,0.00,1.000,1.000,1.000,21.00,14.00,0.00,30.00,39.00,3.000,1247.0,1186.0,0.00,60.00,62.00,2854.0
TOTAL,252.0,15301.0,15618.0,31.00,4911.0,3783.0,0.00,253.0,227.0,32.00,9617.0,7586.0,17.00,6334.0,5545.0,191.0,152666.0,137806.0,115.0,73441.0,51472.0,485198.0
