COUNTY NAME,UNKNOWN,UNKNOWN FEMALE,UNKNOWN MALE,OTHER UNKNOWN,OTHER FEMALE,OTHER MALE,NATIVE-AM UNKNOWN,NATIVE-AM FEMALE,NATIVE-AM MALE,HISP-LT UNKNOWN,HISP-LT FEMALE,HISP-LT MALE,ASIA-PI UNKNOWN,ASIA-PI FEMALE,ASIA-PI MALE,WHITE UNKNOWN,WHITE FEMALE,WHITE MALE,BLACK UNKNOWN,BLACK FEMALE,BLACK MALE,TOTAL
COBB,10.0,368.0,291.0,0.0,185.0,155.0,0.0,14.0,9.0,0.0,306.0,208.0,2.0,298.0,237.0,6.0,11714.0,11091.0,1.0,1671.0,1032.0,27598.0
DEKALB,0.0,660.0,565.0,0.0,154.0,115.0,0.0,10.0,7.0,0.0,254.0,237.0,0.0,280.0,215.0,1.0,9012.0,7973.0,0.0,1804.0,965.0,22252.0
FULTON,31.0,2266.0,1820.0,1.0,347.0,261.0,0.0,14.0,8.0,0.0,378.0,258.0,4.0,596.0,599.0,16.0,16239.0,14423.0,3.0,3127.0,1792.0,42183.0
TOTAL,41.0,3294.0,2676.0,1.0,686.0,531.0,0.0,38.0,24.0,0.0,938.0,703.0,6.0,1174.0,1051.0,23.0,36965.0,33487.0,4.0,6602.0,3789.0,92033.0
