,COUNTY NAME,UNKNOWN,UNKNOWN FEMALE,UNKNOWN MALE,OTHER UNKNOWN,OTHER FEMALE,OTHER MALE,NATIVE-AM UNKNOWN,NATIVE-AM FEMALE,NATIVE-AM MALE,HISP-LT UNKNOWN,HISP-LT FEMALE,HISP-LT MALE,ASIA-PI UNKNOWN,ASIA-PI FEMALE,ASIA-PI MALE,WHITE UNKNOWN,WHITE FEMALE,WHITE MALE,BLACK UNKNOWN,BLACK FEMALE,BLACK MALE,TOTAL
0,,279.0,23338.0,24162.0,12.0,2728.0,2068.0,2.0,292.0,297.0,13.0,5461.0,4422.0,11.0,2609.0,2090.0,170.0,146311.0,127933.0,85.0,74525.0,55464.0,472272.0
1,,290.0,11395.0,12458.0,15.0,1693.0,1324.0,1.0,180.0,148.0,9.0,2961.0,2391.0,8.0,1540.0,1280.0,92.0,91558.0,80368.0,523.0,123693.0,86707.0,418634.0
2,,217.0,22647.0,23002.0,15.0,2578.0,2139.0,2.0,208.0,182.0,16.0,4846.0,3983.0,7.0,2728.0,2160.0,216.0,167536.0,149122.0,75.0,62867.0,45474.0,490020.0
3,,347.0,23628.0,23691.0,12.0,5251.0,3844.0,3.0,371.0,310.0,26.0,6826.0,5566.0,15.0,6121.0,5962.0,55.0,68063.0,58949.0,138.0,169943.0,125644.0,504765.0
4,,681.0,33397.0,34546.0,28.0,4843.0,4065.0,1.0,319.0,327.0,24.0,5853.0,5374.0,34.0,5527.0,5125.0,145.0,80455.0,80492.0,279.0,170145.0,135579.0,567239.0
5,,391.0,28972.0,27952.0,22.0,5312.0,4496.0,1.0,299.0,291.0,29.0,9591.0,7913.0,65.0,13942.0,12964.0,225.0,171582.0,157779.0,39.0,36075.0,27465.0,505405.0
6,,908.0,33416.0,32719.0,67.0,6080.0,5069.0,3.0,426.0,381.0,102.0,18237.0,15168.0,140.0,19799.0,19059.0,289.0,122469.0,111563.0,214.0,54857.0,40592.0,481558.0
7,,221.0,11274.0,12262.0,8.0,1835.0,1447.0,2.0,225.0,189.0,5.0,3775.0,2973.0,7.0,2209.0,1775.0,139.0,142039.0,125776.0,108.0,72013.0,50145.0,428427.0
8,,206.0,22795.0,25212.0,4.0,1287.0,1223.0,0.0,240.0,221.0,34.0,7238.0,6697.0,7.0,1793.0,1531.0,232.0,195543.0,175651.0,7.0,14660.0,11175.0,465756.0
9,,293.0,22653.0,23560.0,11.0,2280.0,1944.0,1.0,191.0,179.0,30.0,5179.0,4334.0,15.0,3105.0,2614.0,232.0,162092.0,146562.0,81.0,62168.0,44734.0,482258.0
10,,253.0,22065.0,22592.0,23.0,3986.0,3180.0,1.0,355.0,328.0,25.0,10495.0,8716.0,16.0,4944.0,4247.0,203.0,185511.0,168412.0,67.0,47668.0,34455.0,517542.0
11,,645.0,20159.0,21426.0,19.0,2170.0,1592.0,1.0,232.0,205.0,17.0,3815.0,3141.0,18.0,2588.0,2001.0,193.0,127352.0,111468.0,444.0,80773.0,55932.0,434191.0
12,,407.0,24326.0,22700.0,20.0,4913.0,3591.0,1.0,293.0,277.0,20.0,9126.0,7438.0,19.0,3783.0,3332.0,81.0,69785.0,61486.0,259.0,172977.0,124540.0,509374.0
13,,102.0,19629.0,20898.0,7.0,1347.0,1096.0,0.0,198.0,190.0,13.0,6926.0,6226.0,2.0,1253.0,984.0,164.0,169534.0,149181.0,24.0,19883.0,14669.0,412326.0
14,,5240.0,319694.0,327180.0,263.0,46303.0,37078.0,19.0,3829.0,3525.0,363.0,100329.0,84342.0,364.0,71941.0,65124.0,2436.0,1899830.0,1704742.0,2343.0,1162247.0,852575.0,6689767.0
15,APPLING,0.0,315.0,348.0,0.0,29.0,20.0,0.0,1.0,6.0,1.0,93.0,84.0,0.0,26.0,21.0,1.0,4279.0,3746.0,0.0,1161.0,873.0,11004.0
16,ATKINSON,3.0,84.0,75.0,0.0,6.0,9.0,0.0,5.0,1.0,1.0,142.0,101.0,0.0,1.0,1.0,0.0,1643.0,1413.0,1.0,505.0,381.0,4372.0
17,BACON,1.0,195.0,212.0,0.0,12.0,7.0,0.0,1.0,4.0,0.0,37.0,33.0,0.0,9.0,8.0,2.0,2611.0,2232.0,1.0,533.0,305.0,6203.0
18,BAKER,0.0,40.0,40.0,0.0,4.0,2.0,0.0,0.0,0.0,0.0,11.0,3.0,0.0,6.0,3.0,0.0,583.0,561.0,0.0,531.0,411.0,2195.0
19,BALDWIN,2.0,431.0,550.0,0.0,58.0,45.0,0.0,16.0,12.0,0.0,86.0,62.0,0.0,100.0,93.0,5.0,6777.0,5831.0,3.0,5831.0,3974.0,23876.0
20,BANKS,4.0,365.0,487.0,0.0,21.0,24.0,0.0,7.0,4.0,0.0,77.0,95.0,0.0,46.0,40.0,6.0,4884.0,4623.0,1.0,92.0,118.0,10894.0
21,BARROW,25.0,2395.0,2633.0,1.0,185.0,176.0,0.0,20.0,17.0,6.0,980.0,811.0,1.0,508.0,453.0,40.0,18002.0,16008.0,6.0,2926.0,2239.0,47432.0
22,BARTOW,21.0,3788.0,4160.0,1.0,215.0,219.0,0.0,35.0,32.0,0.0,770.0,712.0,1.0,186.0,170.0,33.0,25903.0,23461.0,5.0,3490.0,2615.0,65817.0
23,BEN HILL,2.0,153.0,156.0,0.0,18.0,11.0,0.0,3.0,2.0,0.0,70.0,51.0,0.0,26.0,19.0,2.0,3024.0,2648.0,0.0,2030.0,1257.0,9472.0
24,BERRIEN,2.0,213.0,240.0,0.0,20.0,25.0,0.0,7.0,6.0,0.0,70.0,56.0,0.0,16.0,18.0,6.0,4643.0,4205.0,0.0,600.0,453.0,10580.0
25,BIBB,61.0,2724.0,3072.0,2.0,443.0,371.0,0.0,51.0,48.0,2.0,540.0,343.0,6.0,515.0,515.0,23.0,22172.0,18909.0,34.0,30649.0,21635.0,102115.0
26,BLECKLEY,2.0,137.0,146.0,0.0,13.0,12.0,0.0,2.0,1.0,0.0,25.0,14.0,0.0,23.0,21.0,3.0,2707.0,2498.0,0.0,858.0,542.0,7004.0
27,BRANTLEY,2.0,264.0,326.0,0.0,20.0,13.0,0.0,4.0,4.0,0.0,28.0,21.0,0.0,8.0,7.0,2.0,4843.0,4389.0,0.0,161.0,114.0,10206.0
28,BROOKS,0.0,277.0,317.0,0.0,24.0,27.0,0.0,7.0,6.0,0.0,72.0,62.0,0.0,21.0,11.0,2.0,2987.0,2749.0,0.0,2122.0,1610.0,10294.0
29,BRYAN,13.0,1508.0,1545.0,1.0,150.0,113.0,0.0,24.0,33.0,1.0,402.0,322.0,1.0,191.0,156.0,12.0,10065.0,8918.0,4.0,1985.0,1476.0,26920.0
30,BULLOCH,12.0,2206.0,2325.0,0.0,152.0,127.0,0.0,11.0,9.0,2.0,228.0,221.0,1.0,139.0,137.0,15.0,13790.0,12239.0,7.0,6172.0,4204.0,41997.0
31,BURKE,3.0,506.0,670.0,0.0,33.0,31.0,0.0,6.0,10.0,0.0,46.0,53.0,0.0,24.0,16.0,7.0,3448.0,3210.0,4.0,3969.0,2768.0,14804.0
32,BUTTS,6.0,647.0,695.0,0.0,51.0,58.0,0.0,4.0,8.0,0.0,66.0,67.0,0.0,28.0,17.0,8.0,5352.0,4826.0,3.0,1867.0,1473.0,15176.0
33,CALHOUN,6.0,47.0,50.0,0.0,2.0,1.0,0.0,0.0,0.0,0.0,10.0,8.0,0.0,10.0,6.0,1.0,614.0,534.0,2.0,1025.0,742.0,3058.0
34,CAMDEN,8.0,3627.0,3481.0,0.0,230.0,163.0,0.0,25.0,25.0,0.0,374.0,293.0,1.0,194.0,117.0,7.0,11075.0,9646.0,1.0,3173.0,2289.0,34729.0
35,CANDLER,1.0,277.0,313.0,0.0,13.0,9.0,0.0,1.0,2.0,0.0,71.0,46.0,0.0,11.0,9.0,2.0,2017.0,1736.0,0.0,704.0,496.0,5708.0
36,CARROLL,24.0,3610.0,3621.0,4.0,359.0,278.0,0.0,46.0,33.0,0.0,651.0,586.0,0.0,214.0,182.0,35.0,27388.0,24683.0,10.0,7186.0,5342.0,74252.0
37,CATOOSA,16.0,3059.0,3121.0,0.0,108.0,108.0,0.0,17.0,17.0,1.0,198.0,135.0,0.0,126.0,109.0,38.0,18893.0,15845.0,2.0,419.0,362.0,42574.0
38,CHARLTON,0.0,384.0,470.0,1.0,23.0,9.0,0.0,4.0,5.0,0.0,12.0,10.0,0.0,11.0,21.0,4.0,2321.0,2010.0,0.0,734.0,537.0,6556.0
39,CHATHAM,190.0,7753.0,8011.0,7.0,1342.0,1095.0,0.0,122.0,139.0,6.0,2248.0,1854.0,5.0,1332.0,1166.0,65.0,51657.0,45766.0,49.0,41494.0,32282.0,196583.0
40,CHATTAHOOCHEE,0.0,196.0,277.0,0.0,33.0,31.0,0.0,4.0,1.0,0.0,94.0,96.0,0.0,36.0,27.0,0.0,1105.0,997.0,1.0,536.0,411.0,3845.0
41,CHATTOOGA,1.0,605.0,637.0,0.0,44.0,29.0,0.0,7.0,7.0,0.0,46.0,56.0,0.0,25.0,16.0,2.0,5832.0,4918.0,0.0,533.0,407.0,13165.0
42,CHEROKEE,70.0,8479.0,8950.0,4.0,911.0,852.0,0.0,76.0,86.0,5.0,2968.0,2443.0,2.0,1028.0,791.0,57.0,70291.0,63426.0,7.0,5255.0,4055.0,169756.0
43,CLARKE,94.0,4759.0,4837.0,2.0,507.0,373.0,0.0,24.0,23.0,11.0,1150.0,932.0,5.0,731.0,573.0,72.0,22085.0,19606.0,13.0,11351.0,7657.0,74805.0
44,CLAY,0.0,28.0,34.0,0.0,3.0,1.0,0.0,0.0,1.0,0.0,1.0,1.0,0.0,3.0,2.0,0.0,401.0,358.0,0.0,626.0,399.0,1858.0
45,CLAYTON,229.0,9172.0,8874.0,13.0,1535.0,1139.0,1.0,118.0,93.0,14.0,3175.0,2701.0,25.0,2185.0,2242.0,12.0,10869.0,9155.0,126.0,73952.0,53921.0,179551.0
46,CLINCH,2.0,109.0,138.0,0.0,9.0,1.0,0.0,0.0,0.0,0.0,15.0,9.0,0.0,4.0,3.0,1.0,1408.0,1229.0,0.0,638.0,465.0,4031.0
47,COBB,255.0,14452.0,14402.0,25.0,5293.0,4024.0,0.0,442.0,436.0,30.0,12932.0,10700.0,23.0,7804.0,6988.0,176.0,152713.0,139939.0,110.0,79217.0,57192.0,507153.0
48,COFFEE,12.0,436.0,486.0,0.0,50.0,57.0,0.0,16.0,12.0,0.0,313.0,304.0,0.0,63.0,57.0,8.0,7941.0,6821.0,4.0,3561.0,2511.0,22652.0
49,COLQUITT,18.0,662.0,698.0,0.0,81.0,44.0,0.0,11.0,6.0,0.0,440.0,382.0,0.0,50.0,52.0,4.0,8092.0,6989.0,1.0,3021.0,2146.0,22697.0
50,COLUMBIA,47.0,4686.0,4773.0,0.0,794.0,618.0,0.0,96.0,76.0,3.0,1421.0,1165.0,6.0,1507.0,1196.0,41.0,36010.0,32161.0,20.0,8671.0,6835.0,100126.0
51,COOK,0.0,129.0,176.0,0.0,29.0,22.0,0.0,3.0,3.0,0.0,71.0,53.0,0.0,23.0,20.0,1.0,3437.0,3088.0,0.0,1564.0,1066.0,9685.0
52,COWETA,51.0,5515.0,5629.0,3.0,382.0,314.0,0.0,18.0,29.0,6.0,1169.0,880.0,2.0,522.0,378.0,58.0,34502.0,31208.0,17.0,8185.0,5659.0,94527.0
53,CRAWFORD,4.0,190.0,265.0,0.0,24.0,16.0,0.0,1.0,5.0,0.0,30.0,20.0,0.0,10.0,11.0,0.0,2946.0,2731.0,2.0,893.0,692.0,7840.0
54,CRISP,4.0,188.0,214.0,0.0,18.0,25.0,0.0,0.0,5.0,0.0,42.0,33.0,0.0,38.0,39.0,1.0,3551.0,3001.0,4.0,3034.0,1956.0,12153.0
55,DADE,0.0,616.0,711.0,2.0,16.0,18.0,0.0,4.0,10.0,1.0,30.0,28.0,0.0,20.0,20.0,5.0,4726.0,4778.0,0.0,25.0,28.0,11038.0
56,DAWSON,12.0,833.0,937.0,0.0,27.0,44.0,0.0,5.0,14.0,0.0,103.0,89.0,0.0,50.0,37.0,4.0,8379.0,7679.0,0.0,32.0,45.0,18290.0
57,DECATUR,10.0,280.0,374.0,0.0,40.0,35.0,0.0,8.0,2.0,0.0,117.0,93.0,0.0,30.0,18.0,5.0,4944.0,4165.0,3.0,3683.0,2367.0,16174.0
58,DEKALB,137.0,23785.0,24278.0,4.0,5127.0,3903.0,0.0,318.0,289.0,4.0,6012.0,5035.0,4.0,7094.0,6298.0,5.0,88129.0,78441.0,28.0,155751.0,117133.0,521775.0
59,DODGE,1.0,197.0,213.0,0.0,15.0,9.0,0.0,2.0,2.0,0.0,29.0,25.0,0.0,18.0,12.0,4.0,3896.0,3519.0,1.0,1628.0,1054.0,10625.0
60,DOOLY,1.0,96.0,103.0,0.0,10.0,8.0,0.0,2.0,0.0,0.0,47.0,36.0,0.0,12.0,16.0,0.0,1432.0,1285.0,1.0,1667.0,1168.0,5884.0
61,DOUGHERTY,150.0,2085.0,2377.0,7.0,183.0,156.0,0.0,26.0,17.0,5.0,222.0,178.0,1.0,132.0,124.0,26.0,9040.0,7687.0,442.0,23110.0,16109.0,62077.0
62,DOUGLAS,62.0,4667.0,4424.0,4.0,747.0,504.0,0.0,56.0,52.0,3.0,1505.0,1214.0,1.0,468.0,391.0,23.0,20907.0,18522.0,37.0,23616.0,16945.0,94148.0
63,EARLY,0.0,86.0,105.0,1.0,10.0,6.0,0.0,1.0,1.0,0.0,13.0,9.0,0.0,10.0,7.0,0.0,1867.0,1656.0,3.0,2140.0,1394.0,7309.0
64,ECHOLS,0.0,45.0,69.0,0.0,9.0,7.0,0.0,2.0,2.0,0.0,69.0,54.0,0.0,1.0,3.0,1.0,847.0,753.0,0.0,57.0,40.0,1959.0
65,EFFINGHAM,15.0,2405.0,2556.0,2.0,114.0,89.0,0.0,23.0,25.0,1.0,286.0,242.0,2.0,119.0,83.0,32.0,15021.0,13835.0,2.0,2615.0,1986.0,39453.0
66,ELBERT,3.0,231.0,270.0,0.0,18.0,17.0,0.0,4.0,0.0,0.0,55.0,54.0,0.0,25.0,22.0,0.0,4174.0,3645.0,1.0,1861.0,1290.0,11670.0
67,EMANUEL,2.0,446.0,478.0,0.0,23.0,16.0,0.0,5.0,3.0,0.0,43.0,39.0,0.0,21.0,16.0,3.0,4100.0,3526.0,2.0,2374.0,1472.0,12569.0
68,EVANS,1.0,246.0,242.0,0.0,14.0,11.0,0.0,3.0,2.0,0.0,46.0,45.0,0.0,12.0,11.0,0.0,1874.0,1634.0,1.0,920.0,590.0,5652.0
69,FANNIN,7.0,487.0,506.0,0.0,30.0,31.0,0.0,13.0,13.0,0.0,48.0,51.0,0.0,26.0,12.0,2.0,8695.0,7771.0,0.0,20.0,13.0,17725.0
70,FAYETTE,56.0,5366.0,5138.0,1.0,563.0,467.0,0.0,42.0,35.0,6.0,1046.0,885.0,3.0,957.0,777.0,50.0,27434.0,24958.0,22.0,10006.0,8002.0,85814.0
71,FLOYD,11.0,2589.0,2869.0,2.0,120.0,95.0,0.0,19.0,21.0,1.0,600.0,502.0,2.0,226.0,186.0,14.0,22144.0,19031.0,3.0,4147.0,2717.0,55299.0
72,FORSYTH,156.0,16105.0,16200.0,6.0,856.0,784.0,1.0,118.0,97.0,4.0,2119.0,1887.0,19.0,3775.0,3531.0,115.0,50329.0,45703.0,2.0,2138.0,1737.0,145682.0
73,FRANKLIN,3.0,363.0,422.0,0.0,25.0,14.0,0.0,1.0,3.0,1.0,44.0,48.0,0.0,30.0,32.0,1.0,5957.0,5410.0,0.0,531.0,379.0,13264.0
74,FULTON,1041.0,51454.0,50228.0,43.0,6847.0,5745.0,4.0,376.0,350.0,44.0,8404.0,7232.0,75.0,10771.0,10079.0,338.0,148425.0,142085.0,340.0,172289.0,135999.0,752169.0
75,GILMER,4.0,591.0,659.0,1.0,33.0,46.0,0.0,10.0,7.0,0.0,176.0,164.0,1.0,26.0,24.0,12.0,9096.0,8416.0,0.0,22.0,33.0,19321.0
76,GLASCOCK,0.0,37.0,47.0,0.0,1.0,3.0,0.0,1.0,0.0,0.0,0.0,3.0,0.0,1.0,0.0,0.0,896.0,785.0,0.0,67.0,58.0,1899.0
77,GLYNN,31.0,2994.0,2836.0,0.0,262.0,180.0,0.0,24.0,26.0,3.0,467.0,399.0,1.0,242.0,190.0,30.0,20812.0,17464.0,12.0,7272.0,4797.0,58042.0
78,GORDON,5.0,561.0,712.0,0.0,59.0,62.0,0.0,22.0,25.0,0.0,796.0,651.0,0.0,102.0,85.0,4.0,13971.0,12439.0,0.0,636.0,554.0,30684.0
79,GRADY,1.0,388.0,434.0,0.0,54.0,31.0,0.0,5.0,6.0,0.0,97.0,100.0,0.0,22.0,26.0,1.0,4951.0,4227.0,5.0,2354.0,1576.0,14278.0
80,GREENE,8.0,411.0,420.0,0.0,23.0,24.0,0.0,1.0,1.0,0.0,57.0,59.0,0.0,37.0,28.0,1.0,4089.0,3779.0,1.0,2123.0,1448.0,12510.0
81,GWINNETT,1108.0,30634.0,30059.0,80.0,7600.0,6229.0,5.0,514.0,446.0,131.0,21678.0,17990.0,141.0,20202.0,19641.0,287.0,123323.0,112611.0,342.0,84027.0,62630.0,539678.0
82,HABERSHAM,10.0,946.0,1095.0,0.0,52.0,58.0,0.0,12.0,4.0,0.0,317.0,368.0,0.0,146.0,139.0,11.0,11364.0,10088.0,0.0,272.0,218.0,25100.0
83,HALL,68.0,7364.0,8124.0,0.0,484.0,446.0,0.0,50.0,56.0,27.0,4392.0,4071.0,4.0,624.0,569.0,78.0,42953.0,38277.0,4.0,4384.0,3348.0,115323.0
84,HANCOCK,1.0,121.0,128.0,0.0,13.0,8.0,0.0,0.0,2.0,0.0,3.0,10.0,0.0,2.0,4.0,0.0,672.0,672.0,1.0,2279.0,1844.0,5760.0
85,HARALSON,4.0,520.0,592.0,0.0,30.0,30.0,0.0,11.0,10.0,0.0,36.0,33.0,0.0,40.0,40.0,11.0,8482.0,7523.0,0.0,411.0,330.0,18103.0
86,HARRIS,7.0,741.0,762.0,0.0,81.0,80.0,0.0,9.0,8.0,1.0,186.0,144.0,1.0,99.0,55.0,7.0,9388.0,8718.0,3.0,1916.0,1583.0,23789.0
87,HART,3.0,378.0,399.0,0.0,11.0,25.0,0.0,6.0,1.0,0.0,46.0,49.0,0.0,59.0,47.0,5.0,6178.0,5526.0,0.0,1356.0,965.0,15054.0
88,HEARD,1.0,152.0,228.0,0.0,14.0,8.0,0.0,7.0,5.0,0.0,18.0,17.0,0.0,12.0,11.0,3.0,2973.0,2665.0,0.0,387.0,305.0,6806.0
89,HENRY,60.0,8273.0,7386.0,5.0,2033.0,1725.0,0.0,57.0,59.0,2.0,2308.0,1851.0,6.0,1430.0,1244.0,37.0,35255.0,32074.0,27.0,37361.0,27294.0,158487.0
90,HOUSTON,78.0,3788.0,4096.0,6.0,564.0,411.0,2.0,59.0,46.0,2.0,1164.0,835.0,2.0,990.0,714.0,42.0,30017.0,26878.0,62.0,16672.0,11450.0,97878.0
91,IRWIN,2.0,51.0,78.0,0.0,8.0,5.0,0.0,0.0,1.0,0.0,20.0,27.0,0.0,8.0,7.0,2.0,2043.0,1857.0,0.0,793.0,524.0,5426.0
92,JACKSON,16.0,1919.0,2162.0,0.0,131.0,120.0,0.0,12.0,16.0,1.0,565.0,492.0,0.0,248.0,228.0,21.0,18431.0,16662.0,1.0,1396.0,1145.0,43566.0
93,JASPER,0.0,139.0,142.0,0.0,11.0,11.0,0.0,2.0,0.0,0.0,45.0,47.0,0.0,13.0,8.0,3.0,3596.0,3428.0,0.0,985.0,756.0,9186.0
94,JEFF DAVIS,0.0,150.0,169.0,0.0,13.0,5.0,0.0,2.0,2.0,0.0,103.0,76.0,0.0,8.0,9.0,4.0,3318.0,2947.0,0.0,717.0,527.0,8050.0
95,JEFFERSON,6.0,363.0,403.0,1.0,17.0,13.0,0.0,2.0,3.0,0.0,17.0,12.0,0.0,9.0,11.0,2.0,2278.0,2021.0,7.0,3241.0,2238.0,10644.0
96,JENKINS,1.0,150.0,225.0,0.0,7.0,4.0,0.0,1.0,3.0,0.0,4.0,7.0,0.0,4.0,5.0,1.0,1453.0,1319.0,1.0,1063.0,744.0,4992.0
97,JOHNSON,0.0,63.0,68.0,0.0,1.0,3.0,0.0,1.0,0.0,0.0,6.0,1.0,0.0,5.0,8.0,2.0,1812.0,1640.0,0.0,913.0,640.0,5163.0
98,JONES,9.0,257.0,327.0,1.0,25.0,26.0,0.0,11.0,8.0,0.0,56.0,42.0,1.0,45.0,25.0,4.0,6837.0,6188.0,2.0,2642.0,1968.0,18474.0
99,LAMAR,1.0,421.0,459.0,0.0,33.0,30.0,0.0,4.0,1.0,0.0,37.0,28.0,0.0,17.0,15.0,2.0,4110.0,3654.0,0.0,1609.0,1227.0,11648.0
100,LANIER,3.0,187.0,195.0,0.0,23.0,13.0,0.0,6.0,2.0,0.0,54.0,35.0,0.0,19.0,14.0,1.0,2041.0,1704.0,0.0,636.0,520.0,5453.0
101,LAURENS,3.0,606.0,673.0,0.0,54.0,49.0,0.0,15.0,13.0,0.0,94.0,99.0,1.0,94.0,79.0,5.0,9199.0,7983.0,4.0,5726.0,3817.0,28514.0
102,LEE,12.0,759.0,815.0,2.0,57.0,79.0,0.0,6.0,7.0,0.0,129.0,104.0,1.0,129.0,124.0,15.0,8394.0,7612.0,10.0,2231.0,1614.0,22100.0
103,LIBERTY,10.0,2206.0,2379.0,1.0,354.0,231.0,0.0,37.0,15.0,1.0,1071.0,833.0,1.0,322.0,210.0,4.0,6407.0,5476.0,11.0,8754.0,6276.0,34599.0
104,LINCOLN,1.0,180.0,203.0,0.0,8.0,7.0,0.0,6.0,5.0,0.0,7.0,7.0,0.0,12.0,6.0,1.0,1975.0,1864.0,0.0,901.0,697.0,5880.0
105,LONG,4.0,555.0,578.0,0.0,58.0,41.0,0.0,9.0,6.0,0.0,204.0,162.0,0.0,54.0,25.0,3.0,2483.0,2158.0,1.0,1129.0,871.0,8341.0
106,LOWNDES,27.0,1511.0,1624.0,1.0,577.0,470.0,0.0,62.0,62.0,0.0,770.0,625.0,1.0,424.0,296.0,16.0,20933.0,18518.0,8.0,14044.0,9975.0,69944.0
107,LUMPKIN,6.0,719.0,873.0,0.0,54.0,43.0,0.0,34.0,34.0,1.0,151.0,125.0,0.0,48.0,35.0,3.0,9322.0,8441.0,0.0,85.0,82.0,20056.0
108,MCDUFFIE,5.0,382.0,452.0,0.0,20.0,14.0,0.0,6.0,1.0,1.0,58.0,31.0,0.0,24.0,19.0,2.0,4228.0,3675.0,1.0,3156.0,2072.0,14147.0
109,MCINTOSH,1.0,224.0,283.0,0.0,30.0,17.0,0.0,3.0,2.0,0.0,43.0,24.0,0.0,11.0,19.0,0.0,3014.0,2819.0,0.0,1519.0,1217.0,9226.0
110,MACON,2.0,100.0,127.0,0.0,15.0,7.0,0.0,0.0,1.0,0.0,37.0,16.0,0.0,24.0,33.0,0.0,1178.0,1101.0,0.0,2368.0,1705.0,6714.0
111,MADISON,11.0,780.0,838.0,0.0,39.0,43.0,0.0,7.0,5.0,0.0,127.0,84.0,0.0,63.0,47.0,14.0,7670.0,6857.0,0.0,812.0,638.0,18035.0
112,MARION,0.0,79.0,102.0,0.0,12.0,13.0,0.0,4.0,3.0,0.0,35.0,36.0,0.0,20.0,16.0,1.0,1541.0,1389.0,0.0,872.0,681.0,4804.0
113,MERIWETHER,2.0,444.0,509.0,0.0,34.0,18.0,0.0,7.0,4.0,0.0,34.0,25.0,0.0,12.0,14.0,4.0,4184.0,3735.0,0.0,2959.0,2179.0,14164.0
114,MILLER,0.0,53.0,52.0,0.0,3.0,5.0,0.0,3.0,0.0,0.0,12.0,9.0,0.0,3.0,2.0,0.0,1490.0,1343.0,0.0,616.0,421.0,4012.0
115,MITCHELL,4.0,388.0,414.0,0.0,16.0,12.0,0.0,4.0,1.0,0.0,52.0,56.0,0.0,26.0,18.0,5.0,3382.0,2915.0,5.0,3295.0,2210.0,12803.0
116,MONROE,21.0,576.0,692.0,0.0,53.0,55.0,0.0,7.0,4.0,0.0,53.0,55.0,0.0,54.0,39.0,7.0,6994.0,6450.0,3.0,2138.0,1634.0,18835.0
117,MONTGOMERY,1.0,119.0,133.0,0.0,8.0,5.0,0.0,1.0,2.0,0.0,40.0,31.0,0.0,8.0,3.0,3.0,1987.0,1752.0,1.0,661.0,505.0,5260.0
118,MORGAN,0.0,266.0,297.0,0.0,21.0,18.0,1.0,4.0,4.0,0.0,62.0,48.0,0.0,32.0,25.0,5.0,5060.0,4646.0,2.0,1518.0,1097.0,13106.0
119,MURRAY,4.0,829.0,943.0,0.0,54.0,40.0,0.0,8.0,6.0,0.0,438.0,424.0,0.0,19.0,15.0,7.0,8960.0,8064.0,0.0,42.0,55.0,19908.0
120,MUSCOGEE,56.0,4288.0,4101.0,5.0,1029.0,731.0,1.0,85.0,67.0,3.0,1750.0,1482.0,4.0,1031.0,790.0,38.0,28137.0,23132.0,28.0,34197.0,23993.0,124948.0
121,NEWTON,1.0,3016.0,3402.0,0.0,323.0,207.0,0.0,37.0,37.0,0.0,646.0,503.0,0.0,179.0,170.0,0.0,17097.0,15124.0,0.0,18441.0,12557.0,71740.0
122,OCONEE,24.0,1307.0,1362.0,0.0,95.0,113.0,0.0,9.0,6.0,3.0,224.0,205.0,0.0,279.0,257.0,13.0,12145.0,11094.0,1.0,615.0,460.0,28212.0
123,OGLETHORPE,4.0,370.0,439.0,0.0,26.0,21.0,0.0,3.0,7.0,0.0,54.0,47.0,0.0,13.0,10.0,4.0,3749.0,3429.0,0.0,740.0,565.0,9481.0
124,PAULDING,32.0,4459.0,4500.0,1.0,554.0,423.0,0.0,66.0,53.0,2.0,1489.0,1221.0,0.0,385.0,264.0,39.0,37950.0,34453.0,15.0,10478.0,7855.0,104239.0
125,PEACH,8.0,435.0,459.0,0.0,50.0,48.0,0.0,8.0,10.0,0.0,225.0,173.0,0.0,43.0,33.0,2.0,4315.0,4025.0,3.0,4181.0,3234.0,17252.0
126,PICKENS,0.0,680.0,829.0,0.0,41.0,26.0,0.0,12.0,13.0,0.0,126.0,72.0,0.0,44.0,33.0,0.0,10177.0,9187.0,0.0,86.0,81.0,21407.0
127,PIERCE,3.0,484.0,554.0,0.0,24.0,19.0,1.0,4.0,6.0,0.0,43.0,28.0,1.0,20.0,15.0,6.0,5015.0,4237.0,2.0,516.0,378.0,11356.0
128,PIKE,3.0,430.0,538.0,0.0,33.0,22.0,0.0,3.0,5.0,0.0,29.0,28.0,0.0,23.0,9.0,0.0,5297.0,4883.0,0.0,574.0,507.0,12384.0
129,POLK,4.0,683.0,710.0,1.0,49.0,59.0,0.0,6.0,4.0,1.0,225.0,233.0,0.0,37.0,20.0,7.0,9172.0,8118.0,3.0,1415.0,940.0,21687.0
130,PULASKI,0.0,105.0,96.0,0.0,10.0,11.0,0.0,2.0,1.0,0.0,20.0,22.0,0.0,14.0,12.0,0.0,1938.0,1789.0,0.0,913.0,640.0,5573.0
131,PUTNAM,3.0,372.0,384.0,0.0,17.0,28.0,0.0,0.0,7.0,0.0,84.0,68.0,0.0,38.0,26.0,6.0,5104.0,4667.0,1.0,1769.0,1246.0,13820.0
132,QUITMAN,0.0,25.0,41.0,0.0,4.0,1.0,0.0,3.0,2.0,0.0,5.0,2.0,0.0,2.0,2.0,0.0,411.0,367.0,0.0,404.0,277.0,1546.0
133,RABUN,2.0,359.0,398.0,0.0,21.0,22.0,0.0,6.0,5.0,1.0,71.0,83.0,0.0,18.0,21.0,9.0,5607.0,5023.0,0.0,31.0,26.0,11703.0
134,RANDOLPH,0.0,63.0,62.0,0.0,7.0,2.0,0.0,1.0,1.0,0.0,2.0,4.0,0.0,5.0,3.0,0.0,892.0,819.0,2.0,1415.0,935.0,4213.0
135,RICHMOND,554.0,8219.0,8569.0,19.0,899.0,590.0,1.0,66.0,49.0,10.0,970.0,730.0,10.0,676.0,454.0,74.0,22809.0,19208.0,396.0,38581.0,26087.0,128971.0
136,ROCKDALE,19.0,3441.0,3276.0,1.0,524.0,361.0,0.0,30.0,30.0,1.0,762.0,640.0,1.0,373.0,294.0,11.0,10751.0,9661.0,16.0,17879.0,13334.0,61405.0
137,SCHLEY,0.0,41.0,26.0,0.0,3.0,5.0,0.0,0.0,1.0,0.0,14.0,14.0,0.0,11.0,5.0,2.0,1061.0,958.0,0.0,312.0,211.0,2664.0
138,SCREVEN,0.0,268.0,322.0,0.0,7.0,11.0,0.0,5.0,1.0,0.0,14.0,8.0,0.0,16.0,9.0,3.0,2516.0,2283.0,1.0,1922.0,1431.0,8817.0
139,SEMINOLE,0.0,112.0,102.0,0.0,10.0,10.0,0.0,4.0,1.0,0.0,27.0,19.0,0.0,5.0,5.0,2.0,1901.0,1729.0,0.0,1034.0,727.0,5688.0
140,SPALDING,24.0,1424.0,1648.0,1.0,157.0,123.0,1.0,21.0,17.0,0.0,322.0,248.0,0.0,133.0,84.0,10.0,13595.0,12156.0,8.0,7836.0,5531.0,43339.0
141,STEPHENS,8.0,500.0,580.0,0.0,45.0,33.0,0.0,7.0,4.0,0.0,54.0,50.0,0.0,42.0,49.0,9.0,7094.0,6257.0,0.0,877.0,700.0,16309.0
142,STEWART,0.0,43.0,46.0,0.0,5.0,3.0,0.0,0.0,2.0,0.0,9.0,7.0,0.0,6.0,2.0,0.0,561.0,586.0,1.0,986.0,781.0,3038.0
143,SUMTER,2.0,267.0,283.0,0.0,47.0,39.0,0.0,3.0,2.0,0.0,102.0,74.0,0.0,49.0,45.0,1.0,4223.0,3647.0,5.0,5000.0,3241.0,17030.0
144,TALBOT,0.0,77.0,100.0,0.0,12.0,8.0,0.0,3.0,0.0,0.0,10.0,8.0,0.0,2.0,3.0,0.0,920.0,872.0,0.0,1415.0,1048.0,4478.0
145,TALIAFERRO,1.0,13.0,27.0,0.0,2.0,3.0,0.0,0.0,0.0,0.0,1.0,5.0,0.0,1.0,0.0,0.0,254.0,234.0,0.0,349.0,355.0,1245.0
146,TATTNALL,7.0,491.0,552.0,0.0,31.0,28.0,0.0,3.0,4.0,1.0,169.0,129.0,0.0,23.0,13.0,8.0,4149.0,3521.0,5.0,1242.0,918.0,11294.0
147,TAYLOR,1.0,136.0,166.0,0.0,5.0,5.0,0.0,1.0,1.0,0.0,19.0,6.0,0.0,7.0,5.0,0.0,1480.0,1335.0,3.0,1031.0,712.0,4913.0
148,TELFAIR,2.0,95.0,117.0,0.0,9.0,6.0,0.0,2.0,1.0,0.0,11.0,13.0,0.0,9.0,10.0,0.0,1867.0,1722.0,1.0,1076.0,757.0,5698.0
149,TERRELL,2.0,173.0,173.0,0.0,11.0,15.0,0.0,2.0,2.0,0.0,16.0,11.0,0.0,6.0,11.0,0.0,1220.0,1177.0,5.0,2161.0,1578.0,6563.0
150,THOMAS,7.0,1057.0,1028.0,0.0,79.0,62.0,0.0,14.0,8.0,0.0,121.0,85.0,0.0,66.0,71.0,16.0,9399.0,8043.0,8.0,5551.0,3683.0,29298.0
151,TIFT,20.0,389.0,436.0,0.0,66.0,58.0,0.0,3.0,5.0,1.0,321.0,331.0,0.0,93.0,95.0,15.0,7964.0,6864.0,11.0,3799.0,2565.0,23036.0
152,TOOMBS,5.0,633.0,693.0,0.0,55.0,38.0,0.0,0.0,2.0,0.0,188.0,144.0,0.0,31.0,32.0,7.0,5311.0,4545.0,3.0,2072.0,1414.0,15173.0
153,TOWNS,1.0,224.0,240.0,0.0,10.0,13.0,0.0,3.0,4.0,0.0,37.0,19.0,0.0,17.0,14.0,5.0,4711.0,4117.0,0.0,30.0,26.0,9471.0
154,TREUTLEN,1.0,74.0,72.0,0.0,4.0,1.0,0.0,3.0,1.0,0.0,9.0,9.0,0.0,4.0,4.0,1.0,1416.0,1287.0,0.0,774.0,501.0,4161.0
155,TROUP,29.0,1091.0,1233.0,4.0,139.0,112.0,1.0,14.0,8.0,1.0,182.0,162.0,1.0,143.0,128.0,14.0,13199.0,11315.0,5.0,8007.0,5372.0,41160.0
156,TURNER,3.0,77.0,98.0,0.0,11.0,7.0,0.0,1.0,5.0,0.0,25.0,23.0,0.0,11.0,10.0,2.0,1604.0,1446.0,1.0,1188.0,844.0,5356.0
157,TWIGGS,4.0,148.0,182.0,0.0,18.0,9.0,0.0,1.0,2.0,0.0,26.0,16.0,0.0,8.0,3.0,1.0,1590.0,1487.0,1.0,1353.0,1188.0,6037.0
158,UNION,4.0,571.0,601.0,0.0,25.0,28.0,0.0,8.0,6.0,0.0,68.0,37.0,0.0,36.0,11.0,13.0,8259.0,7220.0,0.0,16.0,14.0,16917.0
159,UPSON,3.0,548.0,676.0,0.0,33.0,25.0,0.0,4.0,4.0,0.0,28.0,29.0,0.0,33.0,27.0,7.0,5725.0,4792.0,5.0,2554.0,1710.0,16203.0
160,WALKER,8.0,2863.0,3031.0,0.0,108.0,66.0,0.0,11.0,11.0,0.0,94.0,80.0,0.0,57.0,49.0,13.0,17699.0,15040.0,0.0,720.0,536.0,40386.0
161,WALTON,21.0,4985.0,4980.0,2.0,241.0,194.0,0.0,17.0,19.0,0.0,405.0,333.0,1.0,210.0,186.0,16.0,22369.0,19727.0,4.0,4957.0,3488.0,62155.0
162,WARE,8.0,617.0,788.0,0.0,57.0,29.0,1.0,6.0,13.0,0.0,81.0,73.0,0.0,59.0,42.0,8.0,7009.0,5874.0,2.0,3143.0,1938.0,19748.0
163,WARREN,0.0,66.0,110.0,0.0,7.0,10.0,0.0,1.0,4.0,0.0,5.0,4.0,0.0,6.0,3.0,0.0,713.0,662.0,2.0,1139.0,829.0,3561.0
164,WASHINGTON,1.0,219.0,269.0,0.0,19.0,14.0,0.0,1.0,3.0,0.0,22.0,15.0,0.0,8.0,16.0,1.0,3018.0,2634.0,0.0,3623.0,2344.0,12207.0
165,WAYNE,1.0,738.0,775.0,0.0,41.0,37.0,0.0,4.0,6.0,1.0,109.0,71.0,0.0,35.0,30.0,3.0,6548.0,5587.0,1.0,1571.0,997.0,16555.0
166,WEBSTER,0.0,21.0,14.0,0.0,4.0,6.0,0.0,0.0,1.0,1.0,2.0,3.0,0.0,0.0,0.0,0.0,425.0,398.0,0.0,374.0,290.0,1539.0
167,WHEELER,0.0,50.0,54.0,0.0,7.0,3.0,0.0,0.0,1.0,0.0,13.0,7.0,0.0,1.0,0.0,1.0,1064.0,994.0,0.0,422.0,344.0,2961.0
168,WHITE,1.0,624.0,662.0,0.0,24.0,28.0,0.0,12.0,8.0,1.0,75.0,67.0,0.0,30.0,30.0,3.0,8726.0,7891.0,0.0,104.0,105.0,18391.0
169,WHITFIELD,17.0,2609.0,2764.0,1.0,194.0,159.0,0.0,21.0,21.0,7.0,2933.0,2845.0,0.0,202.0,171.0,24.0,18263.0,15797.0,1.0,1043.0,868.0,47940.0
170,WILCOX,1.0,33.0,49.0,0.0,7.0,4.0,0.0,2.0,2.0,0.0,20.0,15.0,0.0,6.0,7.0,1.0,1550.0,1412.0,0.0,742.0,532.0,4383.0
171,WILKES,0.0,128.0,179.0,0.0,17.0,11.0,0.0,3.0,2.0,0.0,14.0,9.0,0.0,10.0,7.0,1.0,1907.0,1773.0,1.0,1510.0,1004.0,6576.0
172,WILKINSON,1.0,88.0,131.0,0.0,9.0,11.0,0.0,1.0,1.0,0.0,8.0,2.0,0.0,9.0,5.0,0.0,1759.0,1595.0,1.0,1437.0,1063.0,6121.0
173,WORTH,3.0,255.0,340.0,0.0,36.0,33.0,0.0,2.0,3.0,0.0,34.0,30.0,0.0,17.0,9.0,4.0,4735.0,4323.0,1.0,1883.0,1377.0,13085.0
174,TOTAL,15779.0,959240.0,981773.0,795.0,138955.0,111308.0,58.0,11497.0,10587.0,1089.0,301048.0,253095.0,1093.0,215850.0,195410.0,7318.0,5699951.0,5114756.0,7069.0,3488206.0,2560093.0,20074970.0
