COUNTY NAME,UNKNOWN,UNKNOWN FEMALE,UNKNOWN MALE,OTHER UNKNOWN,OTHER FEMALE,OTHER MALE,NATIVE-AM UNKNOWN,NATIVE-AM FEMALE,NATIVE-AM MALE,HISP-LT UNKNOWN,HISP-LT FEMALE,HISP-LT MALE,ASIA-PI UNKNOWN,ASIA-PI FEMALE,ASIA-PI MALE,WHITE UNKNOWN,WHITE FEMALE,WHITE MALE,BLACK UNKNOWN,BLACK FEMALE,BLACK MALE,TOTAL
CLAYTON,16.0,2640.0,2387.0,1.0,459.0,344.0,0.0,19.0,17.0,2.0,936.0,808.0,11.0,992.0,1148.0,1.0,4201.0,3386.0,15.0,23114.0,16607.0,57104.0
DEKALB,13.0,5491.0,5639.0,0.0,936.0,723.0,0.0,40.0,33.0,0.0,873.0,714.0,0.0,1068.0,831.0,7.0,24337.0,22189.0,1.0,34706.0,25231.0,122832.0
FULTON,213.0,23492.0,24098.0,3.0,2555.0,2246.0,0.0,73.0,64.0,9.0,2147.0,2137.0,7.0,1989.0,1871.0,57.0,46302.0,48577.0,90.0,100862.0,79108.0,335900.0
TOTAL,242.0,31623.0,32124.0,4.0,3950.0,3313.0,0.0,132.0,114.0,11.0,3956.0,3659.0,18.0,4049.0,3850.0,65.0,74840.0,74152.0,106.0,158682.0,120946.0,515836.0
