COUNTY NAME,UNKNOWN,UNKNOWN FEMALE,UNKNOWN MALE,OTHER UNKNOWN,OTHER FEMALE,OTHER MALE,NATIVE-AM UNKNOWN,NATIVE-AM FEMALE,NATIVE-AM MALE,HISP-LT UNKNOWN,HISP-LT FEMALE,HISP-LT MALE,ASIA-PI UNKNOWN,ASIA-PI FEMALE,ASIA-PI MALE,WHITE UNKNOWN,WHITE FEMALE,WHITE MALE,BLACK UNKNOWN,BLACK FEMALE,BLACK MALE,TOTAL
CLAYTON,0.0,479.0,232.0,0.0,69.0,38.0,0.0,2.0,1.0,0.0,154.0,97.0,0.0,56.0,63.0,0.0,1399.0,1140.0,2.0,6271.0,2993.0,12996.0
DEKALB,6.0,1507.0,1241.0,0.0,250.0,186.0,0.0,10.0,6.0,0.0,266.0,230.0,0.0,254.0,183.0,4.0,10745.0,9305.0,1.0,11465.0,5687.0,41346.0
FULTON,42.0,5674.0,4737.0,0.0,538.0,431.0,0.0,6.0,12.0,1.0,501.0,492.0,2.0,407.0,372.0,24.0,16814.0,17209.0,14.0,27822.0,15306.0,90404.0
TOTAL,48.0,7660.0,6210.0,0.0,857.0,655.0,0.0,18.0,19.0,1.0,921.0,819.0,2.0,717.0,618.0,28.0,28958.0,27654.0,17.0,45558.0,23986.0,144746.0
