COUNTY NAME,UNKNOWN,UNKNOWN FEMALE,UNKNOWN MALE,OTHER UNKNOWN,OTHER FEMALE,OTHER MALE,NATIVE-AM UNKNOWN,NATIVE-AM FEMALE,NATIVE-AM MALE,HISP-LT UNKNOWN,HISP-LT FEMALE,HISP-LT MALE,ASIA-PI UNKNOWN,ASIA-PI FEMALE,ASIA-PI MALE,WHITE UNKNOWN,WHITE FEMALE,WHITE MALE,BLACK UNKNOWN,BLACK FEMALE,BLACK MALE,TOTAL
COBB,50.0,4189.0,4404.0,7.0,1301.0,1164.0,0.0,51.0,57.0,9.0,1990.0,1574.0,8.0,2716.0,2455.0,79.0,54062.0,50165.0,12.0,7328.0,5596.0,137217.0
DEKALB,9.0,5546.0,5615.0,0.0,1044.0,882.0,1.0,59.0,53.0,1.0,2006.0,1746.0,0.0,2515.0,2363.0,2.0,36335.0,32962.0,2.0,10270.0,7572.0,108983.0
FULTON,125.0,17912.0,16577.0,8.0,2558.0,2201.0,0.0,63.0,43.0,7.0,2970.0,2337.0,22.0,5249.0,5044.0,71.0,79761.0,71091.0,7.0,16640.0,11861.0,234547.0
TOTAL,184.0,27647.0,26596.0,15.0,4903.0,4247.0,1.0,173.0,153.0,17.0,6966.0,5657.0,30.0,10480.0,9862.0,152.0,170158.0,154218.0,21.0,34238.0,25029.0,480747.0
