COUNTY NAME,UNKNOWN,UNKNOWN FEMALE,UNKNOWN MALE,OTHER UNKNOWN,OTHER FEMALE,OTHER MALE,NATIVE-AM UNKNOWN,NATIVE-AM FEMALE,NATIVE-AM MALE,HISP-LT UNKNOWN,HISP-LT FEMALE,HISP-LT MALE,ASIA-PI UNKNOWN,ASIA-PI FEMALE,ASIA-PI MALE,WHITE UNKNOWN,WHITE FEMALE,WHITE MALE,BLACK UNKNOWN,BLACK FEMALE,BLACK MALE,TOTAL
BARTOW,2.0,667.0,642.0,0.0,39.0,33.0,0.0,2.0,4.0,0.0,107.0,87.0,0.0,23.0,11.0,3.0,9644.0,9189.0,0.0,851.0,479.0,21783.0
CHEROKEE,13.0,1812.0,1862.0,1.0,218.0,218.0,0.0,12.0,19.0,0.0,556.0,425.0,0.0,204.0,112.0,8.0,27539.0,24743.0,1.0,1229.0,716.0,59688.0
COBB,24.0,1686.0,1406.0,1.0,586.0,396.0,0.0,32.0,24.0,2.0,1119.0,827.0,1.0,463.0,426.0,20.0,32041.0,28192.0,12.0,9201.0,4928.0,81387.0
FULTON,5.0,711.0,577.0,0.0,61.0,44.0,0.0,2.0,1.0,0.0,73.0,63.0,0.0,64.0,45.0,4.0,5466.0,4881.0,0.0,346.0,203.0,12546.0
TOTAL,44.0,4876.0,4487.0,2.0,904.0,691.0,0.0,48.0,48.0,2.0,1855.0,1402.0,1.0,754.0,594.0,35.0,74690.0,67005.0,13.0,11627.0,6326.0,175404.0
