COUNTY NAME,UNKNOWN,UNKNOWN FEMALE,UNKNOWN MALE,OTHER UNKNOWN,OTHER FEMALE,OTHER MALE,NATIVE-AM UNKNOWN,NATIVE-AM FEMALE,NATIVE-AM MALE,HISP-LT UNKNOWN,HISP-LT FEMALE,HISP-LT MALE,ASIA-PI UNKNOWN,ASIA-PI FEMALE,ASIA-PI MALE,WHITE UNKNOWN,WHITE FEMALE,WHITE MALE,BLACK UNKNOWN,BLACK FEMALE,BLACK MALE,TOTAL
CLAYTON,71.0,2749.0,2558.0,2.0,562.0,433.0,0.0,53.0,35.0,6.0,1216.0,1027.0,14.0,1159.0,1303.0,3.0,4339.0,3455.0,37.0,25509.0,18578.0,63109.0
DEKALB,32.0,5874.0,6031.0,1.0,1163.0,913.0,1.0,59.0,60.0,0.0,1165.0,895.0,3.0,1451.0,1079.0,4.0,26592.0,24197.0,13.0,36910.0,27891.0,134334.0
FULTON,557.0,23623.0,24750.0,18.0,3219.0,2809.0,1.0,157.0,146.0,14.0,2879.0,2783.0,16.0,2636.0,2545.0,120.0,51499.0,54253.0,219.0,114377.0,93534.0,380155.0
TOTAL,660.0,32246.0,33339.0,21.0,4944.0,4155.0,2.0,269.0,241.0,20.0,5260.0,4705.0,33.0,5246.0,4927.0,127.0,82430.0,81905.0,269.0,176796.0,140003.0,577598.0
