COUNTY NAME,UNKNOWN,UNKNOWN FEMALE,UNKNOWN MALE,OTHER UNKNOWN,OTHER FEMALE,OTHER MALE,NATIVE-AM UNKNOWN,NATIVE-AM FEMALE,NATIVE-AM MALE,HISP-LT UNKNOWN,HISP-LT FEMALE,HISP-LT MALE,ASIA-PI UNKNOWN,ASIA-PI FEMALE,ASIA-PI MALE,WHITE UNKNOWN,WHITE FEMALE,WHITE MALE,BLACK UNKNOWN,BLACK FEMALE,BLACK MALE,TOTAL
COBB,94.0,4098.0,4334.0,8.0,1444.0,1299.0,0.0,66.0,80.0,11.0,2384.0,1845.0,13.0,3137.0,2876.0,103.0,55629.0,51891.0,13.0,7895.0,6230.0,143450.0
DEKALB,19.0,5816.0,5985.0,0.0,1209.0,989.0,0.0,77.0,73.0,3.0,2423.0,2141.0,3.0,2981.0,2760.0,0.0,37963.0,34532.0,0.0,11134.0,8369.0,116477.0
FULTON,273.0,18511.0,17290.0,19.0,2873.0,2434.0,0.0,91.0,85.0,19.0,3683.0,2820.0,41.0,6416.0,6027.0,136.0,83859.0,75023.0,25.0,18134.0,13065.0,250824.0
TOTAL,386.0,28425.0,27609.0,27.0,5526.0,4722.0,0.0,234.0,238.0,33.0,8490.0,6806.0,57.0,12534.0,11663.0,239.0,177451.0,161446.0,38.0,37163.0,27664.0,510751.0
