COUNTY NAME,UNKNOWN,UNKNOWN FEMALE,UNKNOWN MALE,OTHER UNKNOWN,OTHER FEMALE,OTHER MALE,NATIVE-AM UNKNOWN,NATIVE-AM FEMALE,NATIVE-AM MALE,HISP-LT UNKNOWN,HISP-LT FEMALE,HISP-LT MALE,ASIA-PI UNKNOWN,ASIA-PI FEMALE,ASIA-PI MALE,WHITE UNKNOWN,WHITE FEMALE,WHITE MALE,BLACK UNKNOWN,BLACK FEMALE,BLACK MALE,TOTAL
CLAYTON,17.0,2656.0,2418.0,1.0,482.0,359.0,0.0,20.0,18.0,2.0,981.0,843.0,12.0,1016.0,1152.0,1.0,4192.0,3371.0,17.0,23462.0,16868.0,57888.0
DEKALB,3.0,5534.0,5707.0,0.0,978.0,764.0,0.0,44.0,36.0,0.0,927.0,753.0,0.0,1151.0,860.0,0.0,24810.0,22642.0,0.0,34864.0,25425.0,124498.0
FULTON,239.0,23385.0,24040.0,5.0,2686.0,2336.0,0.0,91.0,76.0,8.0,2280.0,2281.0,9.0,2110.0,1995.0,79.0,47602.0,49969.0,104.0,102393.0,79804.0,341492.0
TOTAL,259.0,31575.0,32165.0,6.0,4146.0,3459.0,0.0,155.0,130.0,10.0,4188.0,3877.0,21.0,4277.0,4007.0,80.0,76604.0,75982.0,121.0,160719.0,122097.0,523878.0
