COUNTY NAME,UNKNOWN,UNKNOWN FEMALE,UNKNOWN MALE,OTHER UNKNOWN,OTHER FEMALE,OTHER MALE,NATIVE-AM UNKNOWN,NATIVE-AM FEMALE,NATIVE-AM MALE,HISP-LT UNKNOWN,HISP-LT FEMALE,HISP-LT MALE,ASIA-PI UNKNOWN,ASIA-PI FEMALE,ASIA-PI MALE,WHITE UNKNOWN,WHITE FEMALE,WHITE MALE,BLACK UNKNOWN,BLACK FEMALE,BLACK MALE,TOTAL
COBB,60.0,4145.0,4356.0,7.0,1339.0,1199.0,0.0,52.0,58.0,10.0,2106.0,1634.0,8.0,2809.0,2548.0,83.0,54508.0,50577.0,11.0,7530.0,5745.0,138785.0
DEKALB,1.0,5549.0,5740.0,1.0,1078.0,892.0,0.0,69.0,57.0,1.0,2095.0,1826.0,0.0,2622.0,2464.0,0.0,36817.0,33317.0,0.0,10454.0,7670.0,110653.0
FULTON,144.0,18009.0,16721.0,9.0,2629.0,2245.0,0.0,71.0,53.0,10.0,3163.0,2444.0,23.0,5503.0,5235.0,87.0,80777.0,71984.0,10.0,16968.0,12083.0,238168.0
TOTAL,205.0,27703.0,26817.0,17.0,5046.0,4336.0,0.0,192.0,168.0,21.0,7364.0,5904.0,31.0,10934.0,10247.0,170.0,172102.0,155878.0,21.0,34952.0,25498.0,487606.0
