COUNTY NAME,UNKNOWN,UNKNOWN FEMALE,UNKNOWN MALE,OTHER UNKNOWN,OTHER FEMALE,OTHER MALE,NATIVE-AM UNKNOWN,NATIVE-AM FEMALE,NATIVE-AM MALE,HISP-LT UNKNOWN,HISP-LT FEMALE,HISP-LT MALE,ASIA-PI UNKNOWN,ASIA-PI FEMALE,ASIA-PI MALE,WHITE UNKNOWN,WHITE FEMALE,WHITE MALE,BLACK UNKNOWN,BLACK FEMALE,BLACK MALE,TOTAL
BALDWIN,0.0,309.0,337.0,0.0,65.0,50.0,0.0,10.0,6.0,0.0,90.0,59.0,0.0,98.0,80.0,3.0,7035.0,6065.0,2.0,5869.0,4010.0,24088.0
BARROW,13.0,1668.0,1789.0,1.0,143.0,144.0,0.0,14.0,7.0,5.0,693.0,620.0,1.0,416.0,345.0,29.0,17326.0,15154.0,7.0,2693.0,2028.0,43096.0
BUTTS,1.0,537.0,577.0,0.0,41.0,50.0,0.0,3.0,4.0,0.0,49.0,47.0,0.0,22.0,11.0,2.0,4989.0,4492.0,2.0,1785.0,1376.0,13988.0
CLARKE,49.0,3727.0,3766.0,1.0,450.0,374.0,0.0,17.0,16.0,5.0,708.0,541.0,1.0,636.0,522.0,37.0,20221.0,18065.0,7.0,8552.0,5541.0,63236.0
COLUMBIA,4.0,528.0,541.0,0.0,57.0,44.0,0.0,6.0,8.0,0.0,98.0,77.0,0.0,77.0,65.0,4.0,4690.0,4344.0,2.0,960.0,803.0,12308.0
GLASCOCK,0.0,23.0,30.0,0.0,0.0,1.0,0.0,0.0,1.0,0.0,1.0,3.0,0.0,0.0,0.0,0.0,911.0,807.0,0.0,65.0,59.0,1901.0
GREENE,2.0,358.0,368.0,0.0,17.0,23.0,0.0,1.0,1.0,0.0,46.0,50.0,0.0,20.0,25.0,0.0,3849.0,3580.0,0.0,2186.0,1532.0,12058.0
GWINNETT,34.0,2430.0,2402.0,1.0,450.0,426.0,0.0,32.0,14.0,7.0,1124.0,941.0,3.0,527.0,499.0,30.0,14760.0,13544.0,21.0,4841.0,3858.0,45944.0
HANCOCK,0.0,62.0,63.0,0.0,13.0,8.0,0.0,0.0,1.0,0.0,4.0,10.0,0.0,3.0,4.0,0.0,654.0,662.0,0.0,2435.0,1978.0,5897.0
HENRY,6.0,1454.0,1401.0,0.0,288.0,228.0,0.0,3.0,5.0,0.0,264.0,220.0,1.0,123.0,70.0,6.0,11637.0,10643.0,4.0,3537.0,2520.0,32410.0
JASPER,0.0,144.0,153.0,0.0,12.0,7.0,0.0,3.0,0.0,0.0,36.0,30.0,0.0,8.0,8.0,2.0,3473.0,3215.0,0.0,983.0,761.0,8835.0
JEFFERSON,2.0,221.0,224.0,1.0,12.0,10.0,0.0,1.0,1.0,0.0,13.0,8.0,0.0,7.0,7.0,1.0,2362.0,2043.0,4.0,3379.0,2345.0,10641.0
JOHNSON,0.0,30.0,45.0,0.0,3.0,2.0,0.0,1.0,0.0,0.0,7.0,2.0,0.0,3.0,7.0,1.0,1853.0,1667.0,0.0,959.0,661.0,5241.0
LINCOLN,1.0,128.0,159.0,0.0,8.0,8.0,0.0,2.0,2.0,0.0,7.0,5.0,0.0,12.0,6.0,0.0,1941.0,1898.0,0.0,955.0,708.0,5840.0
MCDUFFIE,2.0,208.0,267.0,0.0,17.0,10.0,0.0,5.0,1.0,0.0,51.0,31.0,0.0,24.0,21.0,2.0,4493.0,3863.0,0.0,3221.0,2165.0,14381.0
MORGAN,0.0,241.0,249.0,0.0,21.0,13.0,0.0,2.0,3.0,0.0,50.0,35.0,0.0,31.0,18.0,2.0,4731.0,4305.0,1.0,1506.0,1103.0,12311.0
NEWTON,0.0,384.0,424.0,0.0,31.0,17.0,0.0,5.0,9.0,0.0,77.0,59.0,0.0,25.0,16.0,0.0,5778.0,5328.0,0.0,1315.0,1044.0,14512.0
OCONEE,26.0,1104.0,1119.0,0.0,79.0,92.0,0.0,5.0,6.0,2.0,164.0,159.0,0.0,223.0,194.0,11.0,11604.0,10525.0,1.0,576.0,427.0,26317.0
OGLETHORPE,1.0,255.0,290.0,0.0,26.0,16.0,0.0,2.0,4.0,0.0,30.0,35.0,0.0,13.0,7.0,1.0,3695.0,3298.0,0.0,732.0,561.0,8966.0
PUTNAM,3.0,266.0,289.0,0.0,15.0,30.0,0.0,0.0,5.0,0.0,69.0,55.0,0.0,30.0,31.0,5.0,5039.0,4562.0,3.0,1749.0,1242.0,13393.0
TALIAFERRO,1.0,10.0,19.0,0.0,3.0,3.0,0.0,0.0,0.0,0.0,1.0,4.0,0.0,1.0,0.0,0.0,246.0,220.0,0.0,366.0,366.0,1240.0
WALTON,7.0,4323.0,4163.0,0.0,209.0,169.0,0.0,11.0,5.0,0.0,307.0,243.0,0.0,180.0,158.0,10.0,21846.0,19253.0,2.0,4548.0,3139.0,58573.0
WARREN,0.0,35.0,55.0,0.0,7.0,11.0,0.0,3.0,4.0,0.0,5.0,3.0,0.0,5.0,3.0,0.0,712.0,669.0,0.0,1207.0,868.0,3587.0
WASHINGTON,0.0,135.0,138.0,0.0,18.0,16.0,0.0,1.0,2.0,0.0,20.0,10.0,0.0,11.0,10.0,0.0,3119.0,2759.0,0.0,3738.0,2501.0,12478.0
WILKES,0.0,76.0,82.0,0.0,10.0,10.0,0.0,2.0,2.0,0.0,12.0,9.0,0.0,9.0,7.0,1.0,1949.0,1798.0,0.0,1538.0,1049.0,6554.0
TOTAL,152.0,18656.0,18950.0,4.0,1995.0,1762.0,0.0,129.0,107.0,19.0,3926.0,3256.0,6.0,2504.0,2114.0,147.0,158913.0,142759.0,56.0,59695.0,42645.0,457795.0
