COUNTY NAME,UNKNOWN,UNKNOWN FEMALE,UNKNOWN MALE,OTHER UNKNOWN,OTHER FEMALE,OTHER MALE,NATIVE-AM UNKNOWN,NATIVE-AM FEMALE,NATIVE-AM MALE,HISP-LT UNKNOWN,HISP-LT FEMALE,HISP-LT MALE,ASIA-PI UNKNOWN,ASIA-PI FEMALE,ASIA-PI MALE,WHITE UNKNOWN,WHITE FEMALE,WHITE MALE,BLACK UNKNOWN,BLACK FEMALE,BLACK MALE,TOTAL
DEKALB,89.0,11719.0,11757.0,0.0,2764.0,1965.0,0.0,187.0,140.0,3.0,1947.0,1559.0,2.0,2393.0,2221.0,1.0,25512.0,21020.0,19.0,110022.0,82204.0,275524.0
GWINNETT,239.0,5943.0,5853.0,11.0,1678.0,1333.0,3.0,124.0,111.0,22.0,3578.0,2947.0,12.0,3203.0,3304.0,43.0,20495.0,18496.0,103.0,25020.0,18630.0,111148.0
NEWTON,0.0,2526.0,2805.0,0.0,285.0,185.0,0.0,30.0,29.0,0.0,539.0,420.0,0.0,152.0,143.0,0.0,11305.0,9772.0,0.0,17022.0,11478.0,56691.0
ROCKDALE,19.0,3440.0,3276.0,1.0,524.0,361.0,0.0,30.0,30.0,1.0,762.0,640.0,1.0,373.0,294.0,11.0,10751.0,9661.0,16.0,17879.0,13332.0,61402.0
TOTAL,347.0,23628.0,23691.0,12.0,5251.0,3844.0,3.0,371.0,310.0,26.0,6826.0,5566.0,15.0,6121.0,5962.0,55.0,68063.0,58949.0,138.0,169943.0,125644.0,504765.0
