COUNTY NAME,UNKNOWN,UNKNOWN FEMALE,UNKNOWN MALE,OTHER UNKNOWN,OTHER FEMALE,OTHER MALE,NATIVE-AM UNKNOWN,NATIVE-AM FEMALE,NATIVE-AM MALE,HISP-LT UNKNOWN,HISP-LT FEMALE,HISP-LT MALE,ASIA-PI UNKNOWN,ASIA-PI FEMALE,ASIA-PI MALE,WHITE UNKNOWN,WHITE FEMALE,WHITE MALE,BLACK UNKNOWN,BLACK FEMALE,BLACK MALE,TOTAL
CLAYTON,69.0,3365.0,3337.0,2.0,557.0,443.0,0.0,63.0,46.0,7.0,1394.0,1239.0,16.0,1220.0,1328.0,1.0,3959.0,3240.0,43.0,26059.0,19250.0,65638.0
DEKALB,32.0,6144.0,6436.0,3.0,1180.0,941.0,0.0,63.0,74.0,0.0,1276.0,1000.0,2.0,1499.0,1132.0,3.0,25844.0,23630.0,7.0,35153.0,26642.0,131061.0
FULTON,580.0,23888.0,24773.0,23.0,3106.0,2681.0,1.0,193.0,207.0,17.0,3183.0,3135.0,16.0,2808.0,2665.0,141.0,50652.0,53622.0,229.0,108933.0,89687.0,370540.0
TOTAL,681.0,33397.0,34546.0,28.0,4843.0,4065.0,1.0,319.0,327.0,24.0,5853.0,5374.0,34.0,5527.0,5125.0,145.0,80455.0,80492.0,279.0,170145.0,135579.0,567239.0
