COUNTY NAME,UNKNOWN,UNKNOWN FEMALE,UNKNOWN MALE,OTHER UNKNOWN,OTHER FEMALE,OTHER MALE,NATIVE-AM UNKNOWN,NATIVE-AM FEMALE,NATIVE-AM MALE,HISP-LT UNKNOWN,HISP-LT FEMALE,HISP-LT MALE,ASIA-PI UNKNOWN,ASIA-PI FEMALE,ASIA-PI MALE,WHITE UNKNOWN,WHITE FEMALE,WHITE MALE,BLACK UNKNOWN,BLACK FEMALE,BLACK MALE,TOTAL
COBB,68.0,3801.0,3911.0,7.0,1365.0,1180.0,0.0,103.0,113.0,6.0,2649.0,2198.0,13.0,3469.0,3198.0,71.0,53906.0,50673.0,12.0,7826.0,6221.0,140790.0
DEKALB,13.0,5916.0,6078.0,1.0,1179.0,981.0,0.0,68.0,75.0,1.0,2789.0,2466.0,0.0,3202.0,2943.0,1.0,36767.0,33782.0,1.0,10499.0,8106.0,114868.0
FULTON,310.0,19255.0,17963.0,14.0,2768.0,2335.0,1.0,128.0,103.0,22.0,4153.0,3249.0,52.0,7271.0,6823.0,153.0,80909.0,73324.0,26.0,17750.0,13138.0,249747.0
TOTAL,391.0,28972.0,27952.0,22.0,5312.0,4496.0,1.0,299.0,291.0,29.0,9591.0,7913.0,65.0,13942.0,12964.0,225.0,171582.0,157779.0,39.0,36075.0,27465.0,505405.0
