COUNTY NAME,UNKNOWN,UNKNOWN FEMALE,UNKNOWN MALE,OTHER UNKNOWN,OTHER FEMALE,OTHER MALE,NATIVE-AM UNKNOWN,NATIVE-AM FEMALE,NATIVE-AM MALE,HISP-LT UNKNOWN,HISP-LT FEMALE,HISP-LT MALE,ASIA-PI UNKNOWN,ASIA-PI FEMALE,ASIA-PI MALE,WHITE UNKNOWN,WHITE FEMALE,WHITE MALE,BLACK UNKNOWN,BLACK FEMALE,BLACK MALE,TOTAL
BALDWIN,2.0,431.0,550.0,0.0,58.0,45.0,0.0,16.0,12.0,0.0,86.0,62.0,0.0,100.0,93.0,5.0,6777.0,5831.0,3.0,5831.0,3974.0,23876.0
BARROW,25.0,2395.0,2633.0,1.0,185.0,176.0,0.0,20.0,17.0,6.0,980.0,811.0,1.0,508.0,453.0,40.0,18002.0,16008.0,6.0,2926.0,2239.0,47432.0
BUTTS,6.0,647.0,695.0,0.0,50.0,58.0,0.0,4.0,8.0,0.0,66.0,67.0,0.0,28.0,17.0,8.0,5352.0,4826.0,3.0,1867.0,1473.0,15175.0
CLARKE,83.0,4194.0,4218.0,1.0,463.0,337.0,0.0,21.0,22.0,10.0,861.0,669.0,5.0,706.0,561.0,68.0,20373.0,18121.0,13.0,8952.0,5955.0,65633.0
COLUMBIA,8.0,541.0,572.0,0.0,59.0,50.0,0.0,11.0,10.0,0.0,130.0,114.0,1.0,105.0,87.0,3.0,4966.0,4630.0,3.0,982.0,831.0,13103.0
GLASCOCK,0.0,37.0,47.0,0.0,1.0,3.0,0.0,1.0,0.0,0.0,0.0,3.0,0.0,1.0,0.0,0.0,894.0,783.0,0.0,67.0,58.0,1895.0
GREENE,8.0,411.0,420.0,0.0,23.0,24.0,0.0,1.0,1.0,0.0,57.0,59.0,0.0,37.0,28.0,1.0,4089.0,3779.0,1.0,2123.0,1448.0,12510.0
GWINNETT,84.0,2840.0,2860.0,6.0,534.0,478.0,0.0,47.0,22.0,10.0,1515.0,1327.0,6.0,770.0,671.0,38.0,15042.0,13955.0,27.0,6000.0,4851.0,51083.0
HANCOCK,1.0,121.0,128.0,0.0,13.0,8.0,0.0,0.0,2.0,0.0,3.0,10.0,0.0,2.0,4.0,0.0,672.0,671.0,1.0,2277.0,1840.0,5753.0
HENRY,9.0,1693.0,1526.0,0.0,354.0,283.0,0.0,8.0,16.0,0.0,371.0,297.0,1.0,161.0,91.0,13.0,11933.0,11119.0,5.0,4320.0,3209.0,35409.0
JASPER,0.0,139.0,142.0,0.0,11.0,11.0,0.0,2.0,0.0,0.0,45.0,47.0,0.0,13.0,8.0,3.0,3596.0,3427.0,0.0,985.0,755.0,9184.0
JEFFERSON,6.0,363.0,403.0,1.0,17.0,13.0,0.0,2.0,3.0,0.0,17.0,12.0,0.0,9.0,11.0,2.0,2278.0,2019.0,7.0,3239.0,2236.0,10638.0
JOHNSON,0.0,63.0,68.0,0.0,1.0,3.0,0.0,1.0,0.0,0.0,6.0,1.0,0.0,5.0,8.0,2.0,1812.0,1640.0,0.0,912.0,640.0,5162.0
LINCOLN,1.0,180.0,203.0,0.0,8.0,7.0,0.0,6.0,5.0,0.0,7.0,7.0,0.0,12.0,6.0,1.0,1974.0,1864.0,0.0,899.0,697.0,5877.0
MCDUFFIE,5.0,382.0,451.0,0.0,20.0,14.0,0.0,6.0,1.0,1.0,58.0,31.0,0.0,24.0,19.0,2.0,4224.0,3672.0,1.0,3154.0,2068.0,14133.0
MORGAN,0.0,266.0,297.0,0.0,21.0,18.0,1.0,4.0,4.0,0.0,61.0,48.0,0.0,32.0,25.0,5.0,5058.0,4646.0,2.0,1518.0,1096.0,13102.0
NEWTON,1.0,490.0,597.0,0.0,38.0,22.0,0.0,7.0,8.0,0.0,107.0,83.0,0.0,27.0,27.0,0.0,5792.0,5352.0,0.0,1418.0,1079.0,15048.0
OCONEE,24.0,1307.0,1362.0,0.0,95.0,113.0,0.0,9.0,6.0,3.0,224.0,205.0,0.0,279.0,257.0,13.0,12145.0,11094.0,1.0,615.0,460.0,28212.0
OGLETHORPE,4.0,370.0,439.0,0.0,26.0,21.0,0.0,3.0,7.0,0.0,54.0,47.0,0.0,13.0,10.0,4.0,3749.0,3429.0,0.0,740.0,565.0,9481.0
PUTNAM,3.0,372.0,384.0,0.0,17.0,28.0,0.0,0.0,7.0,0.0,84.0,68.0,0.0,38.0,26.0,6.0,5104.0,4667.0,1.0,1769.0,1246.0,13820.0
TALIAFERRO,1.0,13.0,27.0,0.0,2.0,3.0,0.0,0.0,0.0,0.0,1.0,5.0,0.0,1.0,0.0,0.0,254.0,234.0,0.0,349.0,355.0,1245.0
WALTON,21.0,4985.0,4980.0,2.0,241.0,194.0,0.0,17.0,19.0,0.0,405.0,333.0,1.0,210.0,186.0,16.0,22369.0,19726.0,4.0,4954.0,3482.0,62145.0
WARREN,0.0,66.0,110.0,0.0,7.0,10.0,0.0,1.0,4.0,0.0,5.0,4.0,0.0,6.0,3.0,0.0,713.0,662.0,2.0,1139.0,829.0,3561.0
WASHINGTON,1.0,219.0,269.0,0.0,19.0,14.0,0.0,1.0,3.0,0.0,22.0,15.0,0.0,8.0,16.0,1.0,3018.0,2634.0,0.0,3622.0,2344.0,12206.0
WILKES,0.0,128.0,179.0,0.0,17.0,11.0,0.0,3.0,2.0,0.0,14.0,9.0,0.0,10.0,7.0,1.0,1906.0,1773.0,1.0,1510.0,1004.0,6575.0
TOTAL,293.0,22653.0,23560.0,11.0,2280.0,1944.0,1.0,191.0,179.0,30.0,5179.0,4334.0,15.0,3105.0,2614.0,232.0,162092.0,146562.0,81.0,62168.0,44734.0,482258.0
