PRECINCT NAME,UNKNOWN,UNKNOWN FEMALE,UNKNOWN MALE,OTHER UNKNOWN,OTHER FEMALE,OTHER MALE,NATIVE-AM UNKNOWN,NATIVE-AM FEMALE,NATIVE-AM MALE,HISP-LT UNKNOWN,HISP-LT FEMALE,HISP-LT MALE,ASIA-PI UNKNOWN,ASIA-PI FEMALE,ASIA-PI MALE,WHITE UNKNOWN,WHITE FEMALE,WHITE MALE,BLACK UNKNOWN,BLACK FEMALE,BLACK MALE,TOTAL
024,0.0,0.0,0.0,0.0,1.0,0.0,0.0,0.0,0.0,0.0,0.0,0.0,0.0,0.0,0.0,0.0,0.0,0.0,0.0,0.0,0.0,1.0
88888,0.0,0.0,0.0,0.0,0.0,0.0,0.0,0.0,0.0,0.0,0.0,0.0,0.0,0.0,0.0,0.0,0.0,0.0,0.0,0.0,2.0,2.0
AC1A,4.0,175.0,173.0,0.0,51.0,39.0,0.0,7.0,5.0,1.0,160.0,127.0,1.0,80.0,73.0,2.0,1634.0,1413.0,1.0,587.0,448.0,4981.0
AC1B,1.0,141.0,150.0,0.0,37.0,28.0,0.0,3.0,3.0,0.0,137.0,115.0,0.0,38.0,32.0,1.0,1828.0,1426.0,0.0,631.0,394.0,4965.0
AC1C,3.0,181.0,180.0,0.0,54.0,46.0,0.0,6.0,2.0,1.0,191.0,148.0,0.0,53.0,68.0,0.0,1134.0,980.0,2.0,1023.0,727.0,4799.0
AD01,3.0,70.0,57.0,1.0,32.0,22.0,0.0,2.0,2.0,0.0,58.0,53.0,0.0,64.0,49.0,4.0,871.0,819.0,1.0,139.0,127.0,2374.0
AU1A,1.0,150.0,130.0,0.0,53.0,41.0,0.0,1.0,6.0,0.0,130.0,87.0,0.0,28.0,18.0,0.0,572.0,469.0,1.0,1720.0,1259.0,4666.0
BF02,1.0,106.0,93.0,0.0,30.0,24.0,0.0,6.0,3.0,0.0,69.0,65.0,1.0,73.0,90.0,1.0,976.0,940.0,1.0,256.0,221.0,2956.0
BF03,1.0,172.0,205.0,0.0,57.0,59.0,0.0,8.0,1.0,0.0,178.0,161.0,0.0,73.0,63.0,2.0,2041.0,1998.0,1.0,447.0,376.0,5843.0
BG01,1.0,73.0,77.0,0.0,16.0,25.0,0.0,2.0,1.0,1.0,69.0,72.0,0.0,30.0,20.0,0.0,866.0,827.0,1.0,232.0,194.0,2507.0
BG02,1.0,86.0,75.0,2.0,35.0,35.0,0.0,2.0,2.0,0.0,65.0,57.0,0.0,52.0,46.0,3.0,1069.0,1034.0,1.0,275.0,195.0,3035.0
BK01,3.0,177.0,148.0,0.0,56.0,43.0,0.0,4.0,2.0,0.0,157.0,109.0,0.0,104.0,96.0,2.0,1229.0,1167.0,2.0,747.0,559.0,4605.0
BR01,0.0,79.0,59.0,0.0,30.0,20.0,0.0,4.0,4.0,1.0,130.0,99.0,0.0,24.0,13.0,0.0,591.0,484.0,1.0,607.0,447.0,2593.0
BR02,2.0,104.0,87.0,0.0,47.0,24.0,0.0,1.0,1.0,0.0,113.0,90.0,0.0,57.0,59.0,2.0,912.0,819.0,0.0,794.0,595.0,3707.0
BT01,1.0,52.0,43.0,0.0,10.0,13.0,0.0,2.0,3.0,0.0,38.0,31.0,0.0,6.0,4.0,0.0,74.0,52.0,1.0,952.0,686.0,1968.0
BT02,2.0,188.0,155.0,0.0,69.0,40.0,0.0,7.0,6.0,0.0,143.0,118.0,0.0,13.0,11.0,0.0,166.0,129.0,5.0,2896.0,1724.0,5672.0
BW01,1.0,89.0,100.0,0.0,39.0,26.0,0.0,3.0,1.0,0.0,49.0,48.0,0.0,94.0,101.0,0.0,845.0,792.0,0.0,228.0,188.0,2604.0
CA01,3.0,222.0,240.0,0.0,94.0,54.0,0.0,5.0,5.0,1.0,125.0,118.0,0.0,83.0,97.0,2.0,1251.0,1299.0,1.0,1221.0,814.0,5635.0
CH02,2.0,63.0,60.0,0.0,27.0,25.0,0.0,5.0,1.0,0.0,44.0,44.0,0.0,42.0,41.0,2.0,1129.0,1111.0,0.0,183.0,166.0,2945.0
CH03,2.0,86.0,79.0,0.0,29.0,28.0,0.0,5.0,3.0,0.0,56.0,58.0,0.0,51.0,30.0,0.0,1377.0,1295.0,1.0,404.0,346.0,3850.0
CK01,3.0,211.0,180.0,0.0,77.0,41.0,0.0,7.0,7.0,1.0,138.0,115.0,0.0,60.0,57.0,2.0,1478.0,1380.0,2.0,846.0,572.0,5177.0
CL01,0.0,52.0,49.0,0.0,17.0,14.0,0.0,2.0,2.0,0.0,67.0,54.0,0.0,9.0,6.0,0.0,445.0,377.0,0.0,416.0,323.0,1833.0
CL02,2.0,135.0,138.0,0.0,51.0,42.0,0.0,1.0,6.0,0.0,91.0,86.0,0.0,22.0,18.0,0.0,851.0,723.0,2.0,1586.0,1274.0,5028.0
CO01,1.0,118.0,123.0,0.0,72.0,50.0,0.0,7.0,2.0,1.0,147.0,105.0,0.0,35.0,31.0,1.0,620.0,497.0,1.0,1821.0,1158.0,4790.0
CR01,1.0,58.0,81.0,0.0,19.0,23.0,0.0,2.0,1.0,0.0,27.0,33.0,0.0,63.0,60.0,0.0,1313.0,1237.0,0.0,58.0,52.0,3028.0
DC01,1.0,76.0,63.0,0.0,23.0,17.0,0.0,1.0,1.0,1.0,33.0,29.0,0.0,99.0,92.0,0.0,1153.0,1088.0,0.0,48.0,52.0,2777.0
DI01,0.0,262.0,256.0,2.0,88.0,68.0,0.0,6.0,8.0,0.0,312.0,264.0,0.0,45.0,57.0,1.0,911.0,918.0,6.0,1804.0,1291.0,6299.0
DL01,2.0,73.0,65.0,1.0,27.0,25.0,0.0,1.0,3.0,0.0,62.0,44.0,0.0,32.0,33.0,1.0,1021.0,967.0,0.0,407.0,337.0,3101.0
DO01,1.0,34.0,46.0,0.0,15.0,13.0,0.0,1.0,2.0,0.0,23.0,25.0,1.0,75.0,77.0,3.0,851.0,813.0,1.0,42.0,39.0,2062.0
DU01,1.0,111.0,93.0,0.0,11.0,16.0,0.0,3.0,3.0,0.0,51.0,39.0,0.0,40.0,29.0,4.0,1687.0,1635.0,1.0,172.0,157.0,4053.0
DV01,0.0,59.0,60.0,0.0,24.0,15.0,0.0,3.0,4.0,0.0,43.0,26.0,0.0,35.0,25.0,1.0,787.0,744.0,0.0,86.0,71.0,1983.0
EA01,1.0,74.0,88.0,0.0,27.0,27.0,0.0,3.0,2.0,0.0,38.0,23.0,0.0,95.0,87.0,1.0,1270.0,1132.0,0.0,40.0,44.0,2952.0
EA02,3.0,91.0,86.0,0.0,37.0,35.0,0.0,2.0,5.0,0.0,61.0,53.0,1.0,77.0,58.0,1.0,1636.0,1601.0,0.0,141.0,117.0,4005.0
EL01,6.0,206.0,150.0,0.0,56.0,45.0,0.0,8.0,3.0,0.0,106.0,97.0,0.0,117.0,102.0,3.0,778.0,862.0,2.0,677.0,522.0,3740.0
EL02,1.0,66.0,64.0,0.0,26.0,25.0,0.0,5.0,3.0,0.0,50.0,31.0,0.0,46.0,35.0,1.0,898.0,843.0,1.0,149.0,133.0,2377.0
EL03,0.0,64.0,66.0,0.0,26.0,21.0,0.0,0.0,3.0,0.0,52.0,45.0,0.0,67.0,50.0,1.0,1105.0,941.0,0.0,135.0,107.0,2683.0
EL04,3.0,96.0,77.0,0.0,33.0,30.0,0.0,1.0,1.0,0.0,145.0,96.0,0.0,119.0,99.0,0.0,769.0,689.0,0.0,410.0,288.0,2856.0
EL05,1.0,68.0,73.0,0.0,35.0,35.0,0.0,0.0,2.0,0.0,58.0,49.0,0.0,73.0,84.0,2.0,1142.0,1015.0,0.0,138.0,119.0,2894.0
EP01,0.0,88.0,86.0,0.0,36.0,24.0,0.0,3.0,2.0,0.0,93.0,70.0,0.0,59.0,47.0,0.0,673.0,614.0,0.0,361.0,272.0,2428.0
FO02,6.0,139.0,159.0,0.0,60.0,50.0,0.0,4.0,6.0,0.0,354.0,303.0,1.0,82.0,96.0,1.0,853.0,701.0,3.0,1352.0,1041.0,5211.0
FO04,6.0,150.0,164.0,0.0,52.0,42.0,0.0,3.0,7.0,1.0,400.0,392.0,1.0,64.0,57.0,1.0,775.0,632.0,2.0,1163.0,798.0,4710.0
FP01,1.0,95.0,99.0,1.0,39.0,33.0,0.0,3.0,2.0,0.0,46.0,47.0,0.0,179.0,171.0,0.0,1243.0,1173.0,0.0,111.0,106.0,3349.0
FR01,1.0,85.0,93.0,0.0,14.0,13.0,0.0,2.0,1.0,1.0,41.0,45.0,0.0,23.0,22.0,0.0,1265.0,1222.0,2.0,164.0,115.0,3109.0
FY01,2.0,74.0,70.0,1.0,20.0,21.0,0.0,0.0,4.0,0.0,50.0,39.0,0.0,45.0,37.0,0.0,921.0,858.0,0.0,175.0,133.0,2450.0
GM01,1.0,84.0,78.0,1.0,26.0,23.0,0.0,1.0,2.0,1.0,49.0,45.0,0.0,41.0,35.0,1.0,1118.0,1059.0,0.0,113.0,98.0,2776.0
GT01,2.0,112.0,106.0,0.0,37.0,41.0,0.0,3.0,10.0,0.0,102.0,97.0,0.0,66.0,50.0,0.0,1453.0,1317.0,0.0,282.0,248.0,3926.0
HL01,5.0,134.0,155.0,0.0,61.0,37.0,0.0,5.0,6.0,0.0,172.0,172.0,0.0,61.0,41.0,0.0,816.0,657.0,3.0,2065.0,1426.0,5816.0
HR01,2.0,60.0,61.0,0.0,21.0,15.0,0.0,1.0,1.0,0.0,34.0,35.0,0.0,24.0,13.0,0.0,1242.0,1124.0,0.0,100.0,94.0,2827.0
HT01,2.0,101.0,97.0,0.0,29.0,32.0,0.0,4.0,2.0,0.0,73.0,45.0,0.0,87.0,89.0,3.0,1748.0,1614.0,0.0,97.0,80.0,4103.0
HY01,3.0,104.0,97.0,0.0,27.0,28.0,0.0,2.0,4.0,0.0,64.0,63.0,0.0,51.0,49.0,0.0,1492.0,1464.0,2.0,232.0,207.0,3889.0
JB13,0.0,0.0,0.0,0.0,0.0,0.0,0.0,0.0,0.0,0.0,0.0,0.0,0.0,0.0,0.0,0.0,0.0,0.0,0.0,0.0,1.0,1.0
KE1A,1.0,78.0,65.0,0.0,22.0,26.0,0.0,4.0,2.0,1.0,68.0,59.0,0.0,15.0,26.0,1.0,736.0,626.0,0.0,330.0,223.0,2283.0
KE2A,0.0,96.0,118.0,0.0,37.0,40.0,0.0,6.0,4.0,0.0,125.0,116.0,0.0,95.0,67.0,1.0,1193.0,1085.0,2.0,372.0,312.0,3669.0
KE3A,0.0,204.0,206.0,1.0,81.0,51.0,0.0,9.0,5.0,2.0,190.0,145.0,0.0,83.0,85.0,2.0,1587.0,1210.0,2.0,1286.0,684.0,5833.0
KE4A,2.0,111.0,111.0,0.0,50.0,35.0,0.0,3.0,6.0,0.0,132.0,83.0,0.0,69.0,46.0,0.0,1222.0,1091.0,0.0,361.0,295.0,3617.0
KE5A,5.0,151.0,162.0,0.0,73.0,54.0,0.0,3.0,6.0,0.0,124.0,113.0,0.0,90.0,100.0,2.0,1725.0,1535.0,0.0,780.0,567.0,5490.0
KL01,0.0,61.0,60.0,0.0,11.0,12.0,0.0,1.0,6.0,0.0,42.0,39.0,0.0,21.0,23.0,0.0,813.0,745.0,0.0,76.0,68.0,1978.0
KP01,0.0,41.0,41.0,0.0,10.0,3.0,0.0,2.0,2.0,0.0,22.0,15.0,0.0,11.0,8.0,0.0,829.0,791.0,0.0,64.0,46.0,1885.0
KP02,5.0,76.0,85.0,0.0,19.0,24.0,0.0,5.0,4.0,0.0,66.0,41.0,1.0,55.0,43.0,0.0,1470.0,1338.0,0.0,342.0,293.0,3867.0
KP03,1.0,73.0,83.0,0.0,28.0,24.0,0.0,1.0,2.0,0.0,44.0,37.0,0.0,35.0,32.0,4.0,1607.0,1520.0,0.0,170.0,168.0,3829.0
LA01,2.0,85.0,107.0,0.0,22.0,27.0,0.0,1.0,3.0,0.0,85.0,50.0,2.0,99.0,75.0,5.0,1372.0,1357.0,0.0,150.0,129.0,3571.0
LI01,1.0,136.0,144.0,0.0,57.0,38.0,0.0,3.0,9.0,1.0,61.0,52.0,0.0,62.0,49.0,1.0,871.0,862.0,2.0,1251.0,949.0,4549.0
LM01,2.0,58.0,66.0,0.0,19.0,21.0,0.0,1.0,0.0,0.0,56.0,43.0,0.0,24.0,19.0,0.0,1314.0,1198.0,0.0,283.0,234.0,3338.0
LM02,1.0,87.0,100.0,0.0,14.0,14.0,0.0,5.0,3.0,2.0,34.0,28.0,0.0,29.0,21.0,4.0,1741.0,1646.0,1.0,151.0,122.0,4003.0
LM03,2.0,115.0,110.0,0.0,30.0,19.0,0.0,4.0,5.0,0.0,70.0,51.0,0.0,21.0,24.0,3.0,1862.0,1758.0,0.0,438.0,380.0,4892.0
LM04,0.0,62.0,71.0,0.0,15.0,13.0,0.0,2.0,3.0,0.0,28.0,25.0,0.0,55.0,38.0,1.0,1043.0,934.0,0.0,171.0,160.0,2621.0
MA01,2.0,94.0,140.0,0.0,48.0,30.0,0.0,3.0,5.0,0.0,132.0,127.0,0.0,34.0,33.0,0.0,977.0,858.0,3.0,1173.0,852.0,4511.0
MA02,3.0,86.0,93.0,0.0,28.0,21.0,0.0,4.0,1.0,0.0,118.0,104.0,0.0,18.0,10.0,0.0,481.0,435.0,1.0,817.0,621.0,2841.0
MA03,0.0,61.0,69.0,0.0,47.0,31.0,0.0,2.0,5.0,0.0,92.0,77.0,0.0,21.0,18.0,3.0,797.0,795.0,1.0,450.0,375.0,2844.0
MA04,1.0,27.0,29.0,0.0,16.0,14.0,0.0,1.0,0.0,0.0,35.0,32.0,0.0,10.0,9.0,0.0,545.0,543.0,2.0,157.0,107.0,1528.0
MB01,1.0,29.0,33.0,0.0,15.0,6.0,0.0,0.0,0.0,0.0,14.0,14.0,0.0,12.0,10.0,1.0,722.0,730.0,1.0,27.0,24.0,1639.0
MC01,0.0,104.0,115.0,0.0,49.0,24.0,0.0,4.0,6.0,0.0,143.0,103.0,0.0,44.0,37.0,0.0,595.0,538.0,0.0,1125.0,912.0,3799.0
MD01,1.0,89.0,95.0,1.0,30.0,38.0,0.0,2.0,2.0,0.0,65.0,72.0,0.0,96.0,85.0,4.0,1596.0,1503.0,0.0,115.0,88.0,3882.0
ME01,2.0,68.0,75.0,0.0,32.0,26.0,0.0,5.0,1.0,0.0,68.0,46.0,0.0,28.0,9.0,1.0,799.0,713.0,1.0,727.0,608.0,3209.0
MK01,0.0,41.0,43.0,0.0,11.0,8.0,0.0,2.0,1.0,0.0,19.0,11.0,1.0,24.0,20.0,0.0,737.0,653.0,0.0,78.0,65.0,1714.0
ML01,0.0,90.0,74.0,0.0,28.0,15.0,0.0,1.0,3.0,1.0,46.0,36.0,0.0,23.0,18.0,3.0,1265.0,1179.0,0.0,191.0,169.0,3142.0
MR1A,4.0,140.0,145.0,1.0,45.0,42.0,0.0,6.0,5.0,1.0,177.0,184.0,2.0,30.0,40.0,2.0,768.0,711.0,2.0,912.0,712.0,3929.0
MR2A,1.0,30.0,29.0,0.0,10.0,11.0,0.0,3.0,1.0,0.0,26.0,14.0,0.0,12.0,9.0,0.0,934.0,772.0,1.0,103.0,96.0,2052.0
MR2B,2.0,119.0,117.0,0.0,40.0,33.0,0.0,3.0,0.0,0.0,124.0,84.0,0.0,47.0,36.0,0.0,1019.0,988.0,0.0,1005.0,666.0,4283.0
MR3A,1.0,174.0,153.0,1.0,71.0,34.0,0.0,11.0,4.0,1.0,136.0,100.0,0.0,48.0,31.0,0.0,1803.0,1345.0,0.0,1435.0,740.0,6088.0
MR4A,1.0,30.0,26.0,0.0,5.0,9.0,0.0,0.0,0.0,0.0,10.0,9.0,0.0,13.0,11.0,0.0,929.0,769.0,0.0,18.0,10.0,1840.0
MR4B,0.0,70.0,56.0,0.0,24.0,15.0,0.0,2.0,3.0,0.0,59.0,39.0,1.0,38.0,51.0,0.0,775.0,609.0,0.0,153.0,110.0,2005.0
MR4C,0.0,58.0,50.0,0.0,20.0,10.0,0.0,5.0,1.0,0.0,22.0,22.0,0.0,39.0,33.0,0.0,1120.0,971.0,0.0,169.0,142.0,2662.0
MR5A,2.0,99.0,102.0,0.0,38.0,10.0,0.0,1.0,1.0,0.0,92.0,62.0,0.0,18.0,12.0,0.0,561.0,483.0,1.0,797.0,575.0,2854.0
MR5B,0.0,109.0,103.0,1.0,42.0,33.0,0.0,4.0,1.0,0.0,86.0,67.0,0.0,38.0,30.0,1.0,434.0,433.0,0.0,821.0,550.0,2753.0
MR6A,1.0,99.0,89.0,1.0,37.0,35.0,0.0,3.0,1.0,0.0,100.0,90.0,0.0,29.0,28.0,2.0,483.0,436.0,0.0,661.0,454.0,2549.0
MR6B,1.0,81.0,72.0,0.0,31.0,24.0,0.0,1.0,3.0,1.0,70.0,46.0,1.0,71.0,75.0,1.0,962.0,804.0,0.0,276.0,236.0,2756.0
MR7A,1.0,159.0,135.0,1.0,52.0,34.0,0.0,4.0,8.0,0.0,151.0,140.0,0.0,22.0,20.0,3.0,443.0,413.0,5.0,1169.0,877.0,3637.0
MS01,2.0,78.0,92.0,0.0,22.0,20.0,0.0,0.0,4.0,0.0,57.0,64.0,0.0,28.0,17.0,3.0,1378.0,1362.0,0.0,119.0,117.0,3363.0
MS02,1.0,72.0,88.0,0.0,31.0,21.0,0.0,1.0,4.0,0.0,115.0,97.0,0.0,41.0,32.0,0.0,971.0,882.0,0.0,206.0,199.0,2761.0
MT01,3.0,88.0,85.0,0.0,26.0,27.0,0.0,0.0,0.0,0.0,48.0,34.0,0.0,106.0,97.0,5.0,1758.0,1656.0,0.0,66.0,46.0,4045.0
MT03,2.0,73.0,80.0,0.0,30.0,18.0,0.0,2.0,4.0,1.0,39.0,25.0,1.0,135.0,147.0,4.0,1347.0,1073.0,0.0,87.0,57.0,3125.0
MT04,0.0,74.0,67.0,0.0,31.0,19.0,0.0,4.0,1.0,0.0,28.0,22.0,0.0,70.0,53.0,5.0,1285.0,1213.0,0.0,49.0,46.0,2967.0
NC01,2.0,88.0,76.0,2.0,26.0,14.0,0.0,5.0,2.0,0.0,58.0,60.0,0.0,39.0,42.0,1.0,702.0,682.0,0.0,245.0,193.0,2237.0
NJ01,2.0,170.0,155.0,0.0,87.0,39.0,0.0,5.0,7.0,0.0,85.0,69.0,0.0,75.0,69.0,1.0,975.0,899.0,2.0,1277.0,768.0,4685.0
NP01,0.0,137.0,135.0,0.0,60.0,38.0,0.0,3.0,3.0,0.0,224.0,208.0,0.0,34.0,31.0,1.0,1171.0,1036.0,1.0,824.0,574.0,4480.0
NS01,0.0,61.0,69.0,0.0,31.0,19.0,0.0,2.0,3.0,0.0,63.0,49.0,0.0,17.0,20.0,1.0,975.0,877.0,0.0,143.0,114.0,2444.0
OK01,2.0,88.0,94.0,0.0,42.0,32.0,0.0,3.0,4.0,0.0,82.0,39.0,0.0,67.0,55.0,2.0,1232.0,1106.0,2.0,545.0,405.0,3800.0
OR01,1.0,22.0,33.0,0.0,7.0,13.0,0.0,0.0,2.0,0.0,24.0,16.0,0.0,20.0,19.0,0.0,589.0,579.0,0.0,139.0,110.0,1574.0
OR02,3.0,165.0,189.0,0.0,62.0,55.0,0.0,3.0,4.0,0.0,260.0,210.0,0.0,60.0,63.0,0.0,830.0,755.0,4.0,1543.0,1079.0,5285.0
OR03,3.0,154.0,181.0,0.0,58.0,45.0,0.0,9.0,5.0,0.0,337.0,290.0,1.0,41.0,43.0,1.0,925.0,797.0,0.0,1441.0,1028.0,5359.0
OR04,4.0,127.0,124.0,0.0,59.0,38.0,0.0,7.0,4.0,0.0,198.0,193.0,0.0,31.0,37.0,1.0,743.0,600.0,1.0,1176.0,927.0,4270.0
OR05,3.0,90.0,82.0,0.0,40.0,23.0,0.0,0.0,1.0,0.0,70.0,49.0,0.0,28.0,29.0,2.0,985.0,926.0,2.0,683.0,583.0,3596.0
PE01,0.0,109.0,138.0,0.0,46.0,31.0,0.0,3.0,8.0,1.0,221.0,183.0,0.0,15.0,14.0,1.0,504.0,484.0,1.0,1744.0,1293.0,4796.0
PF01,2.0,80.0,82.0,0.0,33.0,27.0,0.0,2.0,1.0,0.0,109.0,77.0,0.0,65.0,55.0,2.0,1275.0,1123.0,0.0,241.0,177.0,3351.0
PM01,0.0,88.0,93.0,0.0,24.0,25.0,0.0,4.0,1.0,1.0,48.0,46.0,0.0,50.0,52.0,1.0,1313.0,1285.0,0.0,181.0,144.0,3356.0
PM02,1.0,51.0,69.0,0.0,21.0,17.0,0.0,0.0,2.0,0.0,36.0,29.0,0.0,46.0,37.0,2.0,1261.0,1182.0,0.0,95.0,96.0,2945.0
PO01,3.0,73.0,93.0,0.0,39.0,31.0,0.0,3.0,6.0,0.0,50.0,55.0,0.0,66.0,65.0,2.0,1456.0,1467.0,0.0,121.0,91.0,3621.0
PP01,2.0,84.0,92.0,0.0,27.0,28.0,0.0,1.0,1.0,0.0,40.0,33.0,0.0,80.0,73.0,0.0,1208.0,1172.0,0.0,118.0,106.0,3065.0
PR01,0.0,72.0,57.0,0.0,29.0,23.0,0.0,1.0,1.0,0.0,68.0,55.0,0.0,39.0,41.0,0.0,929.0,892.0,1.0,199.0,167.0,2574.0
PS1A,3.0,92.0,115.0,0.0,27.0,26.0,0.0,2.0,3.0,0.0,86.0,61.0,0.0,32.0,18.0,1.0,902.0,731.0,2.0,1142.0,866.0,4109.0
PS2A,7.0,95.0,81.0,0.0,29.0,27.0,0.0,1.0,1.0,0.0,128.0,95.0,0.0,12.0,10.0,1.0,417.0,332.0,2.0,1205.0,856.0,3299.0
PS3A,2.0,84.0,92.0,0.0,45.0,29.0,0.0,3.0,6.0,0.0,90.0,68.0,1.0,21.0,17.0,1.0,636.0,534.0,2.0,1083.0,780.0,3494.0
PT01,2.0,75.0,69.0,0.0,29.0,18.0,0.0,0.0,2.0,0.0,61.0,36.0,0.0,26.0,25.0,1.0,1016.0,1028.0,0.0,184.0,185.0,2757.0
RM01,4.0,77.0,86.0,0.0,33.0,26.0,0.0,1.0,4.0,0.0,59.0,54.0,0.0,93.0,76.0,2.0,1251.0,1195.0,0.0,146.0,138.0,3245.0
RS01,2.0,61.0,58.0,0.0,26.0,13.0,0.0,0.0,1.0,0.0,61.0,57.0,0.0,8.0,5.0,0.0,86.0,60.0,2.0,924.0,654.0,2018.0
RW01,3.0,118.0,151.0,0.0,48.0,25.0,0.0,1.0,0.0,0.0,64.0,65.0,0.0,83.0,85.0,1.0,2233.0,2225.0,1.0,97.0,94.0,5294.0
RW02,5.0,100.0,99.0,0.0,27.0,24.0,0.0,2.0,0.0,0.0,52.0,49.0,0.0,120.0,131.0,1.0,1499.0,1417.0,0.0,58.0,61.0,3645.0
SA01,1.0,81.0,78.0,0.0,35.0,34.0,0.0,5.0,2.0,0.0,77.0,54.0,0.0,92.0,93.0,2.0,1029.0,978.0,0.0,163.0,132.0,2856.0
SF01,1.0,81.0,73.0,0.0,17.0,17.0,0.0,4.0,0.0,1.0,42.0,44.0,1.0,65.0,57.0,1.0,1370.0,1326.0,0.0,112.0,98.0,3310.0
SI01,1.0,50.0,65.0,0.0,20.0,14.0,0.0,0.0,1.0,0.0,20.0,18.0,0.0,68.0,50.0,2.0,777.0,729.0,0.0,41.0,51.0,1907.0
SM01,2.0,82.0,92.0,0.0,37.0,42.0,0.0,5.0,1.0,0.0,55.0,37.0,1.0,254.0,229.0,1.0,1164.0,1079.0,0.0,115.0,91.0,3287.0
SM03,2.0,186.0,156.0,0.0,50.0,52.0,0.0,1.0,2.0,0.0,140.0,111.0,1.0,69.0,52.0,1.0,1390.0,1247.0,3.0,731.0,491.0,4685.0
SN1A,2.0,147.0,158.0,1.0,61.0,36.0,0.0,2.0,3.0,1.0,142.0,123.0,0.0,48.0,29.0,0.0,667.0,622.0,1.0,1055.0,707.0,3805.0
SN2A,3.0,190.0,164.0,0.0,80.0,33.0,0.0,8.0,3.0,1.0,144.0,123.0,0.0,74.0,58.0,2.0,1184.0,999.0,0.0,1377.0,837.0,5280.0
SN3A,6.0,170.0,156.0,0.0,75.0,48.0,0.0,10.0,5.0,0.0,156.0,108.0,0.0,75.0,71.0,0.0,1798.0,1598.0,1.0,1215.0,834.0,6326.0
SN4A,3.0,146.0,130.0,0.0,49.0,53.0,0.0,5.0,4.0,0.0,100.0,69.0,0.0,72.0,75.0,2.0,2028.0,1690.0,3.0,767.0,530.0,5726.0
SN5A,4.0,113.0,137.0,0.0,34.0,34.0,0.0,6.0,4.0,0.0,191.0,183.0,0.0,56.0,48.0,1.0,895.0,776.0,0.0,790.0,584.0,3856.0
SN6A,4.0,144.0,148.0,0.0,64.0,45.0,0.0,4.0,1.0,1.0,100.0,74.0,0.0,114.0,98.0,2.0,1858.0,1657.0,1.0,870.0,578.0,5763.0
SN7A,1.0,164.0,171.0,0.0,72.0,55.0,0.0,3.0,8.0,0.0,98.0,60.0,0.0,185.0,150.0,7.0,1548.0,1385.0,1.0,1198.0,862.0,5968.0
SO01,1.0,32.0,42.0,0.0,13.0,14.0,0.0,2.0,3.0,0.0,25.0,27.0,2.0,33.0,29.0,0.0,914.0,864.0,0.0,76.0,62.0,2139.0
SO02,3.0,138.0,144.0,1.0,44.0,42.0,0.0,5.0,10.0,0.0,80.0,59.0,0.0,107.0,102.0,2.0,1606.0,1573.0,0.0,324.0,267.0,4507.0
SO03,0.0,97.0,74.0,2.0,31.0,22.0,0.0,3.0,3.0,0.0,47.0,22.0,0.0,65.0,47.0,4.0,1230.0,1046.0,0.0,132.0,70.0,2895.0
SW01,1.0,81.0,62.0,0.0,36.0,14.0,0.0,5.0,4.0,0.0,65.0,65.0,0.0,17.0,6.0,0.0,701.0,649.0,0.0,737.0,582.0,3025.0
SW02,3.0,104.0,85.0,0.0,45.0,15.0,0.0,5.0,1.0,0.0,112.0,67.0,0.0,17.0,5.0,2.0,458.0,351.0,1.0,1152.0,606.0,3029.0
TM01,2.0,212.0,200.0,0.0,84.0,63.0,0.0,4.0,8.0,0.0,163.0,148.0,0.0,90.0,83.0,2.0,1174.0,1039.0,0.0,1390.0,956.0,5618.0
TR01,2.0,52.0,56.0,0.0,23.0,13.0,0.0,1.0,1.0,0.0,24.0,21.0,0.0,65.0,58.0,0.0,1054.0,1015.0,0.0,29.0,31.0,2445.0
VA01,2.0,67.0,57.0,0.0,20.0,18.0,0.0,2.0,2.0,0.0,36.0,32.0,0.0,25.0,17.0,0.0,1261.0,1233.0,0.0,167.0,139.0,3078.0
VG01,0.0,103.0,110.0,0.0,30.0,22.0,0.0,3.0,2.0,0.0,48.0,45.0,0.0,47.0,29.0,0.0,854.0,818.0,0.0,425.0,269.0,2805.0
VG02,2.0,231.0,216.0,1.0,80.0,43.0,0.0,5.0,4.0,1.0,108.0,83.0,0.0,95.0,67.0,2.0,1755.0,1651.0,1.0,1216.0,774.0,6335.0
VG03,2.0,153.0,108.0,1.0,48.0,28.0,0.0,1.0,3.0,0.0,67.0,44.0,0.0,62.0,55.0,2.0,1244.0,1102.0,0.0,868.0,539.0,4327.0
VG04,5.0,71.0,82.0,0.0,26.0,19.0,0.0,3.0,2.0,0.0,40.0,33.0,0.0,28.0,24.0,1.0,1331.0,1194.0,0.0,361.0,228.0,3448.0
WG02,1.0,157.0,133.0,1.0,45.0,39.0,0.0,6.0,4.0,0.0,133.0,97.0,1.0,53.0,63.0,1.0,1349.0,1232.0,2.0,621.0,492.0,4430.0
WL01,1.0,69.0,74.0,0.0,19.0,21.0,0.0,2.0,2.0,1.0,32.0,22.0,0.0,45.0,36.0,2.0,1213.0,1188.0,0.0,67.0,66.0,2860.0
TOTAL,255.0,14452.0,14402.0,25.0,5293.0,4024.0,0.0,442.0,436.0,30.0,12932.0,10700.0,23.0,7804.0,6988.0,176.0,152713.0,139939.0,110.0,79217.0,57192.0,507153.0
