PRECINCT NAME,UNKNOWN,UNKNOWN FEMALE,UNKNOWN MALE,OTHER UNKNOWN,OTHER FEMALE,OTHER MALE,NATIVE-AM UNKNOWN,NATIVE-AM FEMALE,NATIVE-AM MALE,HISP-LT UNKNOWN,HISP-LT FEMALE,HISP-LT MALE,ASIA-PI UNKNOWN,ASIA-PI FEMALE,ASIA-PI MALE,WHITE UNKNOWN,WHITE FEMALE,WHITE MALE,BLACK UNKNOWN,BLACK FEMALE,BLACK MALE,TOTAL
AIR ACRES,0.00,137.0,151.0,1.00,20.00,24.00,0.00,0.00,3.00,0.00,61.00,45.00,0.00,20.00,22.00,0.00,1204.0,1068.0,1.00,62.00,53.00,2872.0
ARNOLD MILL,2.00,195.0,197.0,0.00,22.00,30.00,0.00,1.00,0.00,0.00,62.00,57.00,0.00,23.00,12.00,1.00,1882.0,1773.0,0.00,52.00,55.00,4364.0
AVERY,1.00,132.0,158.0,0.00,11.00,9.00,0.00,2.00,0.00,0.00,22.00,27.00,0.00,9.00,5.00,0.00,1316.0,1238.0,0.00,20.00,16.00,2966.0
BALL GROUND,1.00,151.0,181.0,0.00,8.00,9.00,0.00,0.00,2.00,0.00,10.00,17.00,0.00,5.00,2.00,2.00,1574.0,1424.0,0.00,14.00,17.00,3417.0
BASCOMB,1.00,169.0,187.0,0.00,21.00,25.00,0.00,1.00,0.00,0.00,53.00,45.00,0.00,23.00,15.00,1.00,1674.0,1567.0,0.00,110.0,80.00,3972.0
BELLS,1.00,295.0,294.0,0.00,44.00,56.00,0.00,2.00,4.00,0.00,181.0,147.0,0.00,72.00,75.00,1.00,1712.0,1664.0,0.00,400.0,327.0,5275.0
BOOTH,0.00,166.0,163.0,0.00,20.00,31.00,0.00,1.00,0.00,1.00,54.00,36.00,0.00,34.00,35.00,1.00,1599.0,1522.0,0.00,131.0,102.0,3896.0
BRADSHAW,0.00,180.0,191.0,1.00,15.00,16.00,0.00,2.00,1.00,0.00,41.00,50.00,0.00,28.00,13.00,3.00,1790.0,1653.0,0.00,86.00,76.00,4146.0
BRIDGEMILL,5.00,207.0,260.0,0.00,29.00,15.00,0.00,1.00,1.00,0.00,64.00,56.00,0.00,27.00,17.00,2.00,2201.0,1920.0,0.00,82.00,72.00,4959.0
CANTON,3.00,443.0,384.0,0.00,29.00,26.00,0.00,2.00,8.00,0.00,133.0,110.0,0.00,13.00,9.00,3.00,2514.0,2139.0,0.00,305.0,206.0,6327.0
CARMEL,2.00,217.0,266.0,1.00,31.00,33.00,0.00,2.00,2.00,0.00,124.0,109.0,0.00,26.00,26.00,2.00,1382.0,1219.0,0.00,378.0,245.0,4065.0
WOODSTOCK,4.00,372.0,360.0,0.00,40.00,43.00,0.00,5.00,4.00,0.00,157.0,96.00,0.00,67.00,42.00,0.00,2392.0,2002.0,0.00,424.0,280.0,6288.0
CLAYTON,0.00,195.0,196.0,0.00,12.00,9.00,0.00,2.00,2.00,0.00,35.00,27.00,0.00,4.00,3.00,2.00,1585.0,1425.0,0.00,72.00,55.00,3624.0
CONNS CREEK,1.00,27.00,48.00,0.00,5.00,1.00,0.00,0.00,0.00,0.00,7.00,5.00,0.00,3.00,0.00,0.00,327.0,321.0,0.00,2.00,0.00,747.0
DEER RUN,0.00,145.0,159.0,0.00,17.00,20.00,0.00,5.00,0.00,1.00,40.00,30.00,0.00,24.00,23.00,0.00,1192.0,1039.0,0.00,120.0,97.00,2912.0
DIXIE,3.00,297.0,318.0,0.00,45.00,34.00,0.00,2.00,4.00,1.00,132.0,115.0,0.00,32.00,20.00,1.00,2128.0,1860.0,0.00,271.0,221.0,5484.0
FREEHOME,0.00,227.0,264.0,0.00,19.00,18.00,0.00,1.00,1.00,0.00,40.00,44.00,0.00,16.00,16.00,5.00,2234.0,2105.0,0.00,39.00,43.00,5072.0
HICKORY FLAT,4.00,272.0,275.0,0.00,36.00,30.00,0.00,3.00,6.00,0.00,93.00,54.00,0.00,42.00,36.00,1.00,2356.0,2125.0,0.00,139.0,123.0,5595.0
HIGHTOWER,1.00,154.0,181.0,0.00,9.00,11.00,0.00,0.00,1.00,0.00,24.00,28.00,0.00,13.00,5.00,0.00,1395.0,1289.0,0.00,30.00,25.00,3166.0
HILLSIDE,1.00,131.0,142.0,0.00,11.00,11.00,0.00,0.00,0.00,0.00,28.00,20.00,0.00,14.00,9.00,1.00,1416.0,1344.0,0.00,42.00,42.00,3212.0
HOLLY SPRINGS,2.00,130.0,147.0,0.00,16.00,11.00,0.00,0.00,2.00,0.00,50.00,45.00,0.00,15.00,7.00,2.00,1059.0,990.0,0.00,77.00,50.00,2603.0
KELLOGG,0.00,251.0,279.0,0.00,41.00,24.00,0.00,4.00,7.00,0.00,156.0,134.0,0.00,34.00,28.00,1.00,1914.0,1728.0,0.00,213.0,182.0,4996.0
LIBERTY,6.00,471.0,454.0,0.00,51.00,31.00,0.00,5.00,4.00,0.00,164.0,152.0,0.00,38.00,44.00,3.00,3009.0,2510.0,1.00,417.0,324.0,7684.0
LITTLE RIVER,4.00,406.0,385.0,1.00,40.00,48.00,0.00,3.00,6.00,0.00,178.0,114.0,0.00,74.00,53.00,3.00,2827.0,2239.0,2.00,272.0,210.0,6865.0
MACEDONIA,1.00,217.0,224.0,0.00,15.00,13.00,0.00,3.00,1.00,0.00,56.00,38.00,0.00,31.00,18.00,0.00,1866.0,1757.0,0.00,84.00,68.00,4392.0
MOUNTAIN ROAD,0.00,107.0,140.0,0.00,11.00,15.00,0.00,3.00,1.00,0.00,41.00,31.00,0.00,11.00,9.00,1.00,1257.0,1226.0,0.00,26.00,29.00,2908.0
OAK GROVE,0.00,180.0,213.0,0.00,13.00,18.00,0.00,1.00,2.00,0.00,57.00,46.00,0.00,20.00,22.00,0.00,1475.0,1327.0,0.00,133.0,108.0,3615.0
R M MOORE,1.00,111.0,145.0,0.00,9.00,7.00,0.00,0.00,2.00,0.00,23.00,18.00,0.00,10.00,4.00,0.00,1331.0,1228.0,0.00,17.00,14.00,2920.0
R T JONES,0.00,129.0,157.0,0.00,13.00,13.00,0.00,2.00,0.00,0.00,82.00,80.00,0.00,12.00,6.00,0.00,872.0,769.0,0.00,146.0,87.00,2368.0
ROSECREEK,4.00,155.0,170.0,0.00,18.00,11.00,0.00,0.00,1.00,0.00,57.00,41.00,0.00,16.00,11.00,2.00,1622.0,1503.0,0.00,66.00,44.00,3721.0
SALACOA,0.00,33.00,28.00,0.00,2.00,6.00,0.00,0.00,1.00,0.00,8.00,3.00,0.00,3.00,1.00,0.00,269.0,288.0,0.00,1.00,5.00,648.0
SIXES,5.00,124.0,133.0,0.00,16.00,12.00,0.00,1.00,2.00,0.00,29.00,26.00,0.00,22.00,13.00,0.00,1210.0,1167.0,0.00,43.00,38.00,2841.0
SUTALLEE,0.00,102.0,106.0,0.00,4.00,10.00,0.00,0.00,0.00,0.00,25.00,23.00,0.00,4.00,3.00,0.00,999.0,953.0,0.00,18.00,19.00,2266.0
TEASLEY,4.00,376.0,394.0,0.00,38.00,25.00,0.00,3.00,4.00,1.00,130.0,115.0,1.00,49.00,29.00,3.00,3042.0,2749.0,2.00,163.0,127.0,7255.0
TOONIGH,4.00,325.0,356.0,0.00,36.00,30.00,0.00,10.00,4.00,0.00,102.0,80.00,0.00,35.00,24.00,1.00,2540.0,2241.0,1.00,211.0,148.0,6148.0
UNION HILL,1.00,151.0,183.0,0.00,17.00,16.00,0.00,0.00,1.00,0.00,18.00,17.00,1.00,17.00,10.00,4.00,1675.0,1514.0,0.00,58.00,42.00,3725.0
UNIVETER,3.00,236.0,244.0,0.00,22.00,11.00,0.00,1.00,2.00,0.00,61.00,43.00,0.00,14.00,17.00,1.00,2126.0,1997.0,0.00,75.00,76.00,4929.0
VICTORIA,0.00,123.0,135.0,0.00,16.00,14.00,0.00,5.00,3.00,0.00,34.00,30.00,0.00,16.00,8.00,3.00,1177.0,1194.0,0.00,67.00,53.00,2878.0
WALESKA,0.00,119.0,128.0,0.00,5.00,10.00,0.00,1.00,2.00,0.00,10.00,17.00,0.00,7.00,3.00,1.00,1107.0,1081.0,0.00,14.00,13.00,2518.0
WILDCAT,1.00,135.0,141.0,0.00,16.00,14.00,0.00,2.00,1.00,0.00,49.00,50.00,0.00,11.00,7.00,3.00,1286.0,1210.0,0.00,49.00,52.00,3027.0
WOODLANDS,1.00,181.0,192.0,0.00,26.00,20.00,0.00,1.00,2.00,0.00,120.0,90.00,0.00,40.00,51.00,1.00,1293.0,1164.0,0.00,118.0,111.0,3411.0
NEESE,3.00,359.0,360.0,0.00,50.00,53.00,0.00,0.00,2.00,1.00,172.0,146.0,0.00,61.00,46.00,2.00,2815.0,2387.0,1.00,261.0,194.0,6913.0
TOTAL,70.00,8533.0,9089.0,4.00,919.0,863.0,0.00,77.00,89.00,5.00,2983.0,2457.0,2.00,1035.0,799.0,57.00,70645.0,63919.0,8.00,5308.0,4129.0,170991.0
