PRECINCT NAME,UNKNOWN,UNKNOWN FEMALE,UNKNOWN MALE,OTHER UNKNOWN,OTHER FEMALE,OTHER MALE,NATIVE-AM UNKNOWN,NATIVE-AM FEMALE,NATIVE-AM MALE,HISP-LT UNKNOWN,HISP-LT FEMALE,HISP-LT MALE,ASIA-PI UNKNOWN,ASIA-PI FEMALE,ASIA-PI MALE,WHITE UNKNOWN,WHITE FEMALE,WHITE MALE,BLACK UNKNOWN,BLACK FEMALE,BLACK MALE,TOTAL
024,0.00,0.00,0.00,0.00,0.00,0.00,0.00,0.00,0.00,0.00,0.00,0.00,0.00,0.00,0.00,0.00,0.00,0.00,0.00,0.00,0.00,0.00
88888,0.00,0.00,0.00,0.00,0.00,0.00,0.00,0.00,0.00,0.00,0.00,0.00,0.00,0.00,0.00,0.00,0.00,0.00,0.00,0.00,0.00,0.00
AC1A,1.000,16.00,13.00,0.00,8.000,3.000,0.00,0.00,0.00,0.00,7.000,6.000,0.00,6.000,1.000,1.000,211.0,201.0,0.00,106.0,53.00,633.0
AC1B,0.00,9.000,5.000,0.00,5.000,2.000,0.00,0.00,0.00,0.00,8.000,3.000,0.00,1.000,2.000,0.00,245.0,190.0,0.00,72.00,23.00,565.0
AC1C,0.00,7.000,6.000,0.00,6.000,0.00,0.00,0.00,0.00,0.00,14.00,7.000,0.00,3.000,0.00,0.00,107.0,83.00,0.00,108.0,66.00,407.0
AD01,0.00,12.00,7.000,0.00,4.000,1.000,0.00,1.000,0.00,0.00,8.000,7.000,0.00,3.000,2.000,0.00,206.0,203.0,0.00,41.00,27.00,522.0
AU1A,0.00,12.00,7.000,0.00,7.000,1.000,0.00,1.000,0.00,0.00,13.00,6.000,0.00,0.00,0.00,0.00,73.00,69.00,0.00,313.0,150.0,652.0
BF02,0.00,8.000,2.000,0.00,4.000,1.000,0.00,1.000,0.00,0.00,6.000,7.000,1.000,3.000,7.000,0.00,183.0,186.0,0.00,67.00,37.00,513.0
BF03,0.00,14.00,9.000,0.00,9.000,10.00,0.00,1.000,0.00,0.00,19.00,7.000,0.00,7.000,0.00,0.00,337.0,326.0,0.00,69.00,43.00,851.0
BG01,0.00,5.000,1.000,0.00,1.000,1.000,0.00,0.00,0.00,0.00,4.000,3.000,0.00,0.00,1.000,0.00,142.0,133.0,0.00,18.00,10.00,319.0
BG02,0.00,8.000,2.000,0.00,3.000,2.000,0.00,1.000,2.000,0.00,4.000,5.000,0.00,1.000,4.000,0.00,178.0,175.0,0.00,62.00,33.00,480.0
BK01,0.00,12.00,9.000,0.00,5.000,1.000,0.00,0.00,0.00,0.00,7.000,8.000,0.00,5.000,6.000,1.000,118.0,143.0,0.00,108.0,59.00,482.0
BR01,0.00,5.000,3.000,0.00,3.000,2.000,0.00,0.00,0.00,0.00,10.00,4.000,0.00,0.00,2.000,0.00,115.0,102.0,0.00,92.00,51.00,389.0
BR02,0.00,8.000,3.000,0.00,10.00,3.000,0.00,0.00,1.000,0.00,10.00,8.000,0.00,1.000,4.000,0.00,153.0,133.0,0.00,223.0,124.0,681.0
BT01,0.00,2.000,1.000,0.00,2.000,3.000,0.00,1.000,0.00,0.00,1.000,1.000,0.00,0.00,0.00,0.00,15.00,11.00,0.00,258.0,134.0,429.0
BT02,0.00,10.00,4.000,0.00,4.000,4.000,0.00,1.000,0.00,0.00,9.000,4.000,0.00,0.00,0.00,0.00,22.00,15.00,0.00,356.0,165.0,594.0
BW01,0.00,9.000,7.000,0.00,4.000,1.000,0.00,1.000,0.00,0.00,4.000,4.000,0.00,3.000,5.000,0.00,197.0,175.0,0.00,58.00,33.00,501.0
CA01,0.00,7.000,7.000,0.00,4.000,2.000,0.00,0.00,0.00,0.00,5.000,5.000,0.00,5.000,6.000,0.00,122.0,117.0,1.000,147.0,52.00,480.0
CH02,0.00,4.000,9.000,0.00,3.000,1.000,0.00,1.000,0.00,0.00,6.000,5.000,0.00,0.00,0.00,0.00,228.0,234.0,0.00,37.00,29.00,557.0
CH03,0.00,10.00,8.000,0.00,9.000,6.000,0.00,0.00,0.00,0.00,4.000,2.000,0.00,2.000,2.000,0.00,288.0,300.0,0.00,107.0,82.00,820.0
CK01,0.00,14.00,8.000,0.00,7.000,1.000,0.00,0.00,0.00,0.00,4.000,5.000,0.00,1.000,2.000,0.00,181.0,163.0,0.00,76.00,34.00,496.0
CL01,0.00,0.00,0.00,0.00,3.000,1.000,0.00,0.00,0.00,0.00,4.000,6.000,0.00,0.00,0.00,0.00,61.00,57.00,0.00,71.00,42.00,245.0
CL02,0.00,11.00,8.000,0.00,2.000,5.000,0.00,0.00,0.00,0.00,11.00,6.000,0.00,1.000,0.00,0.00,135.0,150.0,1.000,287.0,175.0,792.0
CO01,0.00,7.000,3.000,0.00,6.000,2.000,0.00,0.00,0.00,0.00,7.000,1.000,0.00,2.000,0.00,0.00,92.00,85.00,0.00,271.0,119.0,595.0
CR01,0.00,8.000,9.000,0.00,2.000,2.000,0.00,0.00,1.000,0.00,4.000,4.000,0.00,5.000,5.000,0.00,302.0,291.0,0.00,19.00,13.00,665.0
DC01,0.00,7.000,7.000,0.00,3.000,3.000,0.00,0.00,0.00,0.00,4.000,1.000,0.00,15.00,14.00,0.00,274.0,266.0,0.00,11.00,8.000,613.0
DI01,0.00,12.00,5.000,0.00,2.000,2.000,0.00,0.00,0.00,0.00,12.00,10.00,0.00,3.000,4.000,0.00,105.0,94.00,0.00,148.0,72.00,469.0
DL01,0.00,4.000,5.000,1.000,5.000,0.00,0.00,0.00,0.00,0.00,3.000,1.000,0.00,4.000,2.000,0.00,181.0,195.0,0.00,117.0,67.00,585.0
DO01,1.000,6.000,2.000,0.00,3.000,3.000,0.00,1.000,0.00,0.00,3.000,1.000,0.00,11.00,10.00,0.00,206.0,207.0,0.00,13.00,7.000,474.0
DU01,0.00,8.000,6.000,0.00,0.00,3.000,0.00,0.00,1.000,0.00,6.000,4.000,0.00,3.000,0.00,0.00,240.0,242.0,0.00,29.00,20.00,562.0
DV01,0.00,2.000,4.000,0.00,2.000,4.000,0.00,0.00,1.000,0.00,7.000,2.000,0.00,3.000,6.000,0.00,173.0,160.0,0.00,25.00,11.00,400.0
EA01,0.00,7.000,10.00,0.00,8.000,6.000,0.00,0.00,0.00,0.00,9.000,3.000,0.00,10.00,14.00,0.00,311.0,289.0,0.00,15.00,13.00,695.0
EA02,1.000,13.00,6.000,0.00,4.000,5.000,0.00,1.000,0.00,0.00,6.000,7.000,0.00,11.00,6.000,1.000,444.0,437.0,0.00,40.00,32.00,1014.0
EL01,0.00,8.000,6.000,0.00,3.000,1.000,0.00,0.00,0.00,0.00,3.000,4.000,0.00,1.000,2.000,0.00,74.00,86.00,0.00,59.00,33.00,280.0
EL02,0.00,7.000,5.000,0.00,4.000,2.000,0.00,0.00,0.00,0.00,4.000,2.000,0.00,10.00,3.000,1.000,207.0,170.0,0.00,46.00,24.00,485.0
EL03,0.00,12.00,8.000,0.00,5.000,2.000,0.00,0.00,0.00,0.00,6.000,6.000,0.00,3.000,3.000,0.00,282.0,222.0,0.00,28.00,20.00,597.0
EL04,0.00,5.000,3.000,0.00,2.000,4.000,0.00,0.00,0.00,0.00,14.00,3.000,0.00,14.00,5.000,0.00,176.0,152.0,0.00,71.00,36.00,485.0
EL05,1.000,5.000,4.000,0.00,5.000,10.00,0.00,0.00,0.00,0.00,7.000,7.000,0.00,5.000,5.000,0.00,261.0,218.0,0.00,29.00,23.00,580.0
EP01,0.00,7.000,4.000,0.00,2.000,3.000,0.00,0.00,0.00,0.00,4.000,3.000,0.00,4.000,4.000,0.00,115.0,118.0,0.00,66.00,23.00,353.0
FO02,0.00,9.000,3.000,0.00,9.000,3.000,0.00,1.000,1.000,0.00,21.00,20.00,0.00,2.000,0.00,0.00,155.0,141.0,0.00,226.0,124.0,715.0
FO04,0.00,2.000,3.000,0.00,3.000,6.000,0.00,0.00,1.000,0.00,20.00,10.00,0.00,5.000,3.000,0.00,122.0,111.0,0.00,97.00,57.00,440.0
FP01,0.00,11.00,13.00,0.00,10.00,6.000,0.00,0.00,0.00,0.00,6.000,6.000,0.00,15.00,13.00,0.00,282.0,270.0,0.00,33.00,25.00,690.0
FR01,0.00,9.000,8.000,0.00,2.000,1.000,0.00,0.00,0.00,0.00,3.000,4.000,0.00,3.000,2.000,0.00,168.0,183.0,0.00,32.00,28.00,443.0
FY01,0.00,7.000,7.000,0.00,0.00,2.000,0.00,0.00,0.00,0.00,6.000,2.000,0.00,1.000,1.000,0.00,144.0,151.0,0.00,32.00,22.00,375.0
GM01,0.00,7.000,6.000,0.00,5.000,3.000,0.00,0.00,0.00,0.00,10.00,7.000,0.00,10.00,3.000,1.000,263.0,239.0,0.00,34.00,18.00,606.0
GT01,0.00,8.000,9.000,0.00,3.000,5.000,0.00,0.00,1.000,0.00,15.00,8.000,0.00,3.000,2.000,0.00,303.0,281.0,0.00,60.00,40.00,738.0
HL01,0.00,14.00,9.000,0.00,6.000,3.000,0.00,2.000,1.000,0.00,16.00,7.000,0.00,6.000,2.000,0.00,117.0,107.0,1.000,554.0,264.0,1109.0
HR01,0.00,9.000,3.000,0.00,4.000,2.000,0.00,1.000,0.00,0.00,1.000,1.000,0.00,1.000,2.000,0.00,275.0,230.0,0.00,17.00,15.00,561.0
HT01,0.00,12.00,13.00,0.00,4.000,5.000,0.00,2.000,0.00,0.00,13.00,8.000,0.00,6.000,4.000,0.00,392.0,357.0,0.00,31.00,19.00,866.0
HY01,1.000,7.000,9.000,0.00,3.000,5.000,0.00,0.00,1.000,0.00,3.000,5.000,0.00,8.000,1.000,0.00,263.0,263.0,1.000,40.00,33.00,643.0
JB13,0.00,0.00,0.00,0.00,0.00,0.00,0.00,0.00,0.00,0.00,0.00,0.00,0.00,0.00,0.00,0.00,0.00,0.00,0.00,0.00,0.00,0.00
KE1A,0.00,2.000,4.000,0.00,1.000,0.00,0.00,0.00,0.00,0.00,5.000,1.000,0.00,0.00,2.000,0.00,115.0,111.0,0.00,31.00,20.00,292.0
KE2A,0.00,3.000,6.000,0.00,1.000,3.000,0.00,0.00,0.00,0.00,9.000,6.000,0.00,2.000,2.000,0.00,156.0,162.0,0.00,54.00,46.00,450.0
KE3A,0.00,7.000,4.000,0.00,7.000,2.000,0.00,0.00,0.00,0.00,8.000,4.000,0.00,3.000,1.000,0.00,179.0,163.0,0.00,145.0,40.00,563.0
KE4A,0.00,10.00,4.000,0.00,7.000,3.000,0.00,0.00,0.00,0.00,6.000,3.000,0.00,11.00,4.000,0.00,198.0,172.0,0.00,56.00,29.00,503.0
KE5A,0.00,10.00,8.000,0.00,12.00,4.000,0.00,0.00,0.00,0.00,10.00,9.000,0.00,7.000,4.000,0.00,278.0,280.0,0.00,168.0,82.00,872.0
KL01,0.00,5.000,7.000,0.00,3.000,1.000,0.00,0.00,0.00,0.00,4.000,5.000,0.00,2.000,2.000,0.00,162.0,128.0,0.00,25.00,8.000,352.0
KP01,0.00,2.000,4.000,0.00,1.000,0.00,0.00,0.00,0.00,0.00,5.000,2.000,0.00,1.000,0.00,0.00,190.0,175.0,0.00,22.00,12.00,414.0
KP02,0.00,11.00,9.000,0.00,3.000,1.000,0.00,0.00,1.000,0.00,6.000,2.000,0.00,3.000,2.000,0.00,319.0,287.0,0.00,91.00,61.00,796.0
KP03,0.00,10.00,9.000,0.00,8.000,1.000,0.00,0.00,0.00,0.00,6.000,4.000,0.00,2.000,3.000,0.00,307.0,316.0,0.00,49.00,44.00,759.0
LA01,0.00,6.000,8.000,0.00,4.000,3.000,0.00,0.00,0.00,0.00,7.000,3.000,0.00,14.00,8.000,0.00,287.0,289.0,0.00,38.00,28.00,695.0
LI01,0.00,10.00,11.00,0.00,7.000,2.000,0.00,0.00,0.00,0.00,8.000,4.000,0.00,5.000,4.000,0.00,109.0,108.0,0.00,373.0,216.0,857.0
LM01,0.00,5.000,4.000,0.00,4.000,2.000,0.00,1.000,0.00,0.00,7.000,7.000,0.00,1.000,1.000,0.00,305.0,255.0,0.00,97.00,69.00,758.0
LM02,0.00,6.000,8.000,0.00,0.00,1.000,0.00,0.00,0.00,0.00,4.000,3.000,0.00,5.000,1.000,0.00,287.0,280.0,0.00,34.00,26.00,655.0
LM03,0.00,15.00,8.000,0.00,5.000,2.000,0.00,0.00,1.000,0.00,6.000,4.000,0.00,2.000,4.000,0.00,364.0,358.0,0.00,150.0,103.0,1022.0
LM04,0.00,7.000,5.000,0.00,4.000,3.000,0.00,0.00,1.000,0.00,1.000,2.000,0.00,4.000,0.00,0.00,185.0,160.0,0.00,39.00,35.00,446.0
MA01,1.000,7.000,6.000,0.00,3.000,5.000,0.00,0.00,1.000,0.00,10.00,7.000,0.00,4.000,1.000,0.00,179.0,162.0,0.00,295.0,176.0,857.0
MA02,0.00,9.000,3.000,0.00,2.000,3.000,0.00,0.00,0.00,0.00,9.000,6.000,0.00,0.00,0.00,0.00,76.00,66.00,0.00,124.0,62.00,360.0
MA03,0.00,4.000,7.000,0.00,3.000,3.000,0.00,0.00,0.00,0.00,6.000,2.000,0.00,2.000,1.000,0.00,193.0,195.0,0.00,84.00,55.00,555.0
MA04,0.00,2.000,3.000,0.00,2.000,1.000,0.00,0.00,0.00,0.00,5.000,4.000,0.00,2.000,0.00,0.00,131.0,143.0,0.00,62.00,38.00,393.0
MB01,0.00,2.000,3.000,0.00,3.000,0.00,0.00,0.00,0.00,0.00,3.000,1.000,0.00,0.00,1.000,0.00,155.0,148.0,0.00,12.00,9.000,337.0
MC01,0.00,11.00,8.000,0.00,7.000,1.000,0.00,0.00,0.00,0.00,6.000,4.000,0.00,0.00,0.00,0.00,114.0,98.00,0.00,211.0,122.0,582.0
MD01,0.00,12.00,6.000,0.00,5.000,6.000,0.00,0.00,0.00,0.00,7.000,4.000,0.00,7.000,5.000,0.00,375.0,370.0,0.00,31.00,16.00,844.0
ME01,0.00,8.000,7.000,0.00,1.000,4.000,0.00,1.000,0.00,0.00,13.00,2.000,0.00,2.000,1.000,0.00,146.0,142.0,0.00,168.0,117.0,612.0
MK01,0.00,8.000,8.000,0.00,2.000,1.000,0.00,0.00,1.000,0.00,1.000,0.00,0.00,2.000,0.00,0.00,168.0,159.0,0.00,21.00,15.00,386.0
ML01,0.00,7.000,7.000,0.00,1.000,1.000,0.00,0.00,0.00,0.00,6.000,4.000,0.00,1.000,0.00,0.00,227.0,219.0,0.00,44.00,25.00,542.0
MR1A,0.00,4.000,4.000,0.00,0.00,2.000,0.00,0.00,0.00,0.00,4.000,2.000,0.00,1.000,1.000,0.00,91.00,96.00,0.00,74.00,39.00,318.0
MR2A,0.00,4.000,0.00,0.00,0.00,1.000,0.00,1.000,0.00,0.00,3.000,1.000,0.00,2.000,1.000,0.00,252.0,192.0,0.00,32.00,24.00,513.0
MR2B,0.00,7.000,3.000,0.00,1.000,4.000,0.00,0.00,0.00,0.00,5.000,8.000,0.00,1.000,5.000,0.00,270.0,256.0,0.00,132.0,65.00,757.0
MR3A,0.00,14.00,10.00,0.00,8.000,6.000,0.00,0.00,1.000,0.00,9.000,2.000,0.00,7.000,3.000,0.00,390.0,291.0,0.00,181.0,70.00,992.0
MR4A,0.00,2.000,6.000,0.00,1.000,3.000,0.00,0.00,0.00,0.00,1.000,0.00,0.00,3.000,0.00,0.00,290.0,253.0,0.00,9.000,2.000,570.0
MR4B,0.00,5.000,3.000,0.00,2.000,1.000,0.00,0.00,0.00,0.00,2.000,6.000,0.00,2.000,6.000,0.00,164.0,109.0,0.00,25.00,15.00,340.0
MR4C,1.000,5.000,4.000,0.00,1.000,1.000,0.00,0.00,0.00,0.00,1.000,2.000,0.00,0.00,1.000,0.00,227.0,215.0,0.00,46.00,32.00,536.0
MR5A,0.00,4.000,3.000,0.00,4.000,0.00,0.00,0.00,0.00,0.00,6.000,1.000,0.00,0.00,0.00,0.00,95.00,87.00,0.00,120.0,49.00,369.0
MR5B,0.00,3.000,0.00,0.00,4.000,4.000,0.00,0.00,0.00,0.00,1.000,2.000,0.00,1.000,2.000,0.00,28.00,28.00,0.00,84.00,29.00,186.0
MR6A,0.00,3.000,2.000,0.00,0.00,0.00,0.00,0.00,0.00,0.00,9.000,5.000,0.00,0.00,2.000,0.00,58.00,49.00,0.00,67.00,31.00,226.0
MR6B,0.00,12.00,4.000,0.00,3.000,3.000,0.00,0.00,0.00,0.00,10.00,5.000,1.000,3.000,2.000,0.00,220.0,188.0,0.00,87.00,57.00,595.0
MR7A,0.00,6.000,2.000,0.00,0.00,2.000,0.00,0.00,1.000,0.00,5.000,3.000,0.00,1.000,2.000,0.00,43.00,47.00,0.00,77.00,45.00,234.0
MS01,0.00,6.000,1.000,0.00,2.000,3.000,0.00,0.00,0.00,0.00,0.00,5.000,0.00,1.000,2.000,0.00,178.0,190.0,0.00,23.00,17.00,428.0
MS02,0.00,6.000,8.000,0.00,5.000,3.000,0.00,0.00,0.00,0.00,9.000,5.000,0.00,2.000,1.000,0.00,131.0,111.0,0.00,38.00,25.00,344.0
MT01,1.000,12.00,7.000,0.00,3.000,10.00,0.00,0.00,0.00,0.00,7.000,3.000,0.00,7.000,6.000,0.00,396.0,381.0,0.00,15.00,13.00,861.0
MT03,0.00,11.00,4.000,0.00,5.000,5.000,0.00,1.000,0.00,0.00,2.000,3.000,0.00,11.00,8.000,1.000,321.0,237.0,0.00,24.00,8.000,641.0
MT04,0.00,6.000,6.000,0.00,4.000,4.000,0.00,0.00,0.00,0.00,4.000,5.000,0.00,5.000,9.000,0.00,297.0,297.0,0.00,10.00,14.00,661.0
NC01,0.00,5.000,5.000,0.00,4.000,2.000,0.00,0.00,0.00,0.00,5.000,0.00,0.00,1.000,0.00,0.00,120.0,123.0,0.00,55.00,33.00,353.0
NJ01,0.00,14.00,12.00,0.00,11.00,3.000,0.00,0.00,1.000,0.00,8.000,6.000,0.00,6.000,5.000,0.00,104.0,92.00,0.00,240.0,101.0,603.0
NP01,0.00,6.000,4.000,0.00,3.000,4.000,0.00,0.00,0.00,0.00,13.00,16.00,0.00,0.00,1.000,0.00,242.0,235.0,0.00,94.00,57.00,675.0
NS01,0.00,6.000,3.000,0.00,3.000,0.00,0.00,0.00,0.00,0.00,5.000,3.000,0.00,2.000,1.000,0.00,197.0,168.0,0.00,35.00,27.00,450.0
OK01,0.00,10.00,7.000,0.00,5.000,6.000,0.00,0.00,0.00,0.00,4.000,2.000,0.00,6.000,6.000,0.00,238.0,215.0,0.00,132.0,61.00,692.0
OR01,0.00,2.000,2.000,0.00,0.00,1.000,0.00,0.00,0.00,0.00,1.000,3.000,0.00,5.000,2.000,0.00,157.0,154.0,0.00,42.00,21.00,390.0
OR02,0.00,15.00,10.00,0.00,4.000,5.000,0.00,1.000,1.000,0.00,9.000,11.00,0.00,2.000,3.000,0.00,138.0,127.0,1.000,296.0,145.0,768.0
OR03,0.00,6.000,3.000,0.00,2.000,2.000,0.00,1.000,0.00,0.00,14.00,5.000,0.00,1.000,1.000,0.00,124.0,108.0,0.00,175.0,72.00,514.0
OR04,0.00,8.000,7.000,0.00,9.000,2.000,0.00,2.000,0.00,0.00,4.000,13.00,0.00,3.000,1.000,0.00,124.0,100.0,0.00,260.0,125.0,658.0
OR05,0.00,10.00,7.000,0.00,6.000,3.000,0.00,0.00,1.000,0.00,5.000,4.000,0.00,3.000,1.000,0.00,211.0,199.0,0.00,178.0,121.0,749.0
PE01,0.00,7.000,7.000,0.00,8.000,2.000,0.00,1.000,1.000,0.00,20.00,10.00,0.00,1.000,1.000,0.00,83.00,77.00,0.00,375.0,186.0,779.0
PF01,0.00,4.000,1.000,0.00,7.000,2.000,0.00,1.000,0.00,0.00,7.000,7.000,0.00,4.000,3.000,0.00,241.0,216.0,0.00,34.00,17.00,544.0
PM01,0.00,8.000,13.00,0.00,1.000,4.000,0.00,0.00,0.00,0.00,2.000,3.000,0.00,2.000,1.000,0.00,220.0,233.0,0.00,38.00,31.00,556.0
PM02,1.000,9.000,7.000,0.00,1.000,2.000,0.00,0.00,0.00,0.00,1.000,1.000,0.00,3.000,2.000,0.00,275.0,282.0,0.00,25.00,20.00,629.0
PO01,1.000,5.000,7.000,0.00,4.000,2.000,0.00,1.000,0.00,0.00,7.000,10.00,0.00,4.000,5.000,1.000,279.0,298.0,0.00,32.00,21.00,677.0
PP01,1.000,2.000,7.000,0.00,5.000,3.000,0.00,1.000,0.00,0.00,6.000,3.000,0.00,8.000,3.000,0.00,257.0,262.0,0.00,30.00,13.00,601.0
PR01,0.00,2.000,3.000,0.00,2.000,2.000,0.00,0.00,0.00,0.00,3.000,5.000,0.00,6.000,3.000,0.00,148.0,159.0,0.00,39.00,20.00,392.0
PS1A,0.00,9.000,7.000,0.00,1.000,1.000,0.00,0.00,0.00,0.00,3.000,2.000,0.00,2.000,1.000,0.00,127.0,120.0,0.00,242.0,132.0,647.0
PS2A,1.000,4.000,4.000,0.00,3.000,2.000,0.00,0.00,0.00,0.00,12.00,3.000,0.00,1.000,0.00,0.00,55.00,44.00,0.00,226.0,89.00,444.0
PS3A,1.000,7.000,6.000,0.00,5.000,2.000,0.00,0.00,0.00,0.00,7.000,2.000,0.00,2.000,1.000,0.00,131.0,107.0,1.000,188.0,84.00,544.0
PT01,0.00,5.000,3.000,0.00,1.000,2.000,0.00,0.00,0.00,0.00,2.000,0.00,0.00,1.000,1.000,0.00,156.0,154.0,0.00,29.00,23.00,377.0
RM01,1.000,10.00,5.000,0.00,3.000,3.000,0.00,0.00,0.00,0.00,6.000,4.000,0.00,8.000,4.000,0.00,235.0,245.0,0.00,42.00,31.00,597.0
RS01,0.00,2.000,1.000,0.00,2.000,0.00,0.00,0.00,0.00,0.00,7.000,5.000,0.00,1.000,1.000,0.00,19.00,10.00,0.00,146.0,51.00,245.0
RW01,1.000,15.00,14.00,0.00,9.000,7.000,0.00,0.00,0.00,0.00,7.000,6.000,0.00,6.000,7.000,0.00,491.0,484.0,0.00,32.00,31.00,1110.0
RW02,1.000,7.000,7.000,0.00,5.000,4.000,0.00,0.00,0.00,0.00,6.000,2.000,0.00,8.000,6.000,0.00,288.0,308.0,0.00,19.00,15.00,676.0
SA01,0.00,7.000,5.000,0.00,5.000,3.000,0.00,0.00,0.00,0.00,4.000,5.000,0.00,9.000,6.000,0.00,237.0,198.0,0.00,42.00,25.00,546.0
SF01,0.00,12.00,5.000,0.00,3.000,0.00,0.00,0.00,0.00,0.00,9.000,8.000,0.00,7.000,8.000,0.00,282.0,310.0,0.00,33.00,27.00,704.0
SI01,0.00,6.000,6.000,0.00,4.000,1.000,0.00,0.00,0.00,0.00,3.000,4.000,0.00,7.000,6.000,1.000,148.0,139.0,0.00,10.00,9.000,344.0
SM01,1.000,13.00,8.000,0.00,1.000,4.000,0.00,1.000,1.000,0.00,6.000,4.000,0.00,14.00,11.00,0.00,249.0,232.0,0.00,34.00,29.00,608.0
SM03,0.00,9.000,10.00,0.00,7.000,4.000,0.00,0.00,0.00,0.00,10.00,11.00,0.00,2.000,4.000,0.00,266.0,276.0,0.00,84.00,38.00,721.0
SN1A,1.000,11.00,7.000,0.00,7.000,6.000,0.00,0.00,1.000,0.00,11.00,9.000,0.00,1.000,1.000,0.00,113.0,119.0,0.00,171.0,60.00,518.0
SN2A,2.000,13.00,6.000,0.00,9.000,0.00,0.00,0.00,0.00,0.00,10.00,8.000,0.00,7.000,5.000,1.000,175.0,144.0,0.00,237.0,91.00,708.0
SN3A,3.000,19.00,8.000,0.00,14.00,3.000,0.00,1.000,0.00,0.00,8.000,10.00,0.00,7.000,5.000,0.00,304.0,292.0,0.00,243.0,124.0,1041.0
SN4A,0.00,22.00,14.00,0.00,7.000,8.000,0.00,1.000,0.00,0.00,8.000,7.000,0.00,11.00,8.000,0.00,490.0,407.0,1.000,180.0,125.0,1289.0
SN5A,0.00,8.000,6.000,0.00,6.000,3.000,0.00,0.00,0.00,0.00,14.00,12.00,0.00,4.000,4.000,0.00,166.0,160.0,0.00,146.0,78.00,607.0
SN6A,2.000,19.00,19.00,0.00,12.00,14.00,0.00,1.000,0.00,0.00,11.00,10.00,0.00,17.00,16.00,0.00,527.0,464.0,0.00,197.0,114.0,1423.0
SN7A,0.00,21.00,17.00,0.00,9.000,6.000,0.00,0.00,0.00,0.00,13.00,7.000,0.00,13.00,11.00,0.00,224.0,170.0,0.00,369.0,206.0,1066.0
SO01,0.00,4.000,4.000,0.00,0.00,1.000,0.00,2.000,1.000,0.00,2.000,4.000,0.00,4.000,4.000,0.00,252.0,243.0,0.00,27.00,18.00,566.0
SO02,0.00,13.00,8.000,0.00,5.000,3.000,0.00,0.00,1.000,0.00,10.00,5.000,0.00,12.00,8.000,0.00,316.0,317.0,0.00,69.00,52.00,819.0
SO03,0.00,8.000,4.000,0.00,4.000,6.000,0.00,0.00,1.000,0.00,8.000,5.000,0.00,3.000,3.000,0.00,285.0,243.0,0.00,30.00,12.00,612.0
SW01,1.000,12.00,4.000,0.00,5.000,2.000,0.00,1.000,0.00,0.00,4.000,5.000,0.00,2.000,0.00,0.00,121.0,135.0,0.00,129.0,78.00,499.0
SW02,0.00,6.000,3.000,0.00,2.000,1.000,0.00,0.00,0.00,0.00,6.000,6.000,0.00,0.00,1.000,0.00,81.00,55.00,0.00,121.0,35.00,317.0
TM01,0.00,8.000,7.000,0.00,5.000,8.000,0.00,0.00,1.000,0.00,10.00,9.000,0.00,4.000,4.000,1.000,224.0,187.0,0.00,125.0,54.00,647.0
TR01,0.00,8.000,5.000,0.00,5.000,1.000,0.00,0.00,0.00,0.00,2.000,2.000,0.00,6.000,4.000,0.00,259.0,239.0,0.00,13.00,5.000,549.0
VA01,0.00,6.000,3.000,0.00,5.000,2.000,0.00,0.00,1.000,0.00,6.000,6.000,0.00,3.000,1.000,0.00,222.0,254.0,0.00,48.00,31.00,588.0
VG01,0.00,10.00,7.000,0.00,2.000,0.00,0.00,1.000,0.00,0.00,3.000,0.00,0.00,1.000,2.000,0.00,168.0,140.0,0.00,91.00,38.00,463.0
VG02,1.000,23.00,9.000,0.00,8.000,4.000,0.00,1.000,0.00,0.00,8.000,1.000,0.00,7.000,4.000,1.000,252.0,231.0,0.00,180.0,86.00,816.0
VG03,1.000,14.00,7.000,0.00,5.000,4.000,0.00,0.00,1.000,0.00,5.000,2.000,0.00,2.000,5.000,0.00,234.0,208.0,0.00,165.0,86.00,739.0
VG04,1.000,4.000,3.000,0.00,1.000,4.000,0.00,0.00,1.000,0.00,2.000,4.000,0.00,2.000,2.000,0.00,425.0,424.0,0.00,63.00,20.00,956.0
WG02,0.00,13.00,10.00,0.00,4.000,1.000,0.00,3.000,2.000,0.00,6.000,5.000,0.00,4.000,4.000,0.00,215.0,183.0,1.000,110.0,79.00,640.0
WL01,0.00,8.000,7.000,0.00,5.000,4.000,0.00,0.00,0.00,0.00,7.000,5.000,0.00,5.000,2.000,0.00,250.0,235.0,0.00,21.00,20.00,569.0
TOTAL,29.00,1160.0,857.0,1.000,591.0,408.0,0.00,41.00,33.00,0.00,957.0,677.0,2.000,575.0,447.0,11.00,29045.0,27229.0,8.000,14229.0,7644.0,83944.0
