PRECINCT NAME,UNKNOWN,UNKNOWN FEMALE,UNKNOWN MALE,OTHER UNKNOWN,OTHER FEMALE,OTHER MALE,NATIVE-AM UNKNOWN,NATIVE-AM FEMALE,NATIVE-AM MALE,HISP-LT UNKNOWN,HISP-LT FEMALE,HISP-LT MALE,ASIA-PI UNKNOWN,ASIA-PI FEMALE,ASIA-PI MALE,WHITE UNKNOWN,WHITE FEMALE,WHITE MALE,BLACK UNKNOWN,BLACK FEMALE,BLACK MALE,TOTAL
COBBTOWN,1.00,32.00,30.00,0.00,0.00,0.00,0.00,0.00,0.00,0.00,9.00,8.00,0.00,0.00,0.00,0.00,290.0,273.0,0.00,44.00,37.00,724.0
SHILOH,0.00,70.00,83.00,0.00,10.00,7.00,0.00,0.00,0.00,0.00,47.00,35.00,0.00,2.00,0.00,2.00,336.0,265.0,0.00,90.00,77.00,1024.0
COLLINS,0.00,52.00,72.00,0.00,5.00,1.00,0.00,0.00,1.00,0.00,15.00,12.00,0.00,2.00,0.00,0.00,520.0,470.0,1.00,132.0,102.0,1385.0
MANASSAS,0.00,10.00,8.00,0.00,0.00,1.00,0.00,0.00,0.00,0.00,1.00,2.00,0.00,1.00,0.00,0.00,80.00,76.00,0.00,28.00,30.00,237.0
DISTRICT II,2.00,116.0,117.0,0.00,10.00,7.00,0.00,2.00,2.00,0.00,31.00,25.00,0.00,4.00,5.00,0.00,788.0,623.0,1.00,356.0,243.0,2332.0
EAST GLENNVILLE,3.00,83.00,125.0,0.00,3.00,8.00,0.00,0.00,0.00,0.00,35.00,17.00,0.00,9.00,5.00,4.00,962.0,753.0,1.00,153.0,120.0,2281.0
DISTRICT IV,1.00,84.00,98.00,0.00,3.00,4.00,0.00,1.00,1.00,1.00,25.00,23.00,0.00,3.00,3.00,1.00,770.0,691.0,2.00,395.0,272.0,2378.0
DISTRICT V,0.00,45.00,52.00,0.00,0.00,1.00,0.00,0.00,0.00,0.00,6.00,10.00,0.00,2.00,0.00,1.00,421.0,392.0,0.00,51.00,62.00,1043.0
TOTAL,7.00,492.0,585.0,0.00,31.00,29.00,0.00,3.00,4.00,1.00,169.0,132.0,0.00,23.00,13.00,8.00,4167.0,3543.0,5.00,1249.0,943.0,11404.0
