COUNTY NAME,25-29,30-34,35-39,40-44,45-49,50-54,55-59,60-64,65-OVER,TOTAL
APPLING,378.0,458.0,475.0,551.0,614.0,686.0,748.0,772.0,1962.0,6644.0
ATKINSON,177.0,156.0,184.0,193.0,243.0,259.0,264.0,271.0,679.0,2426.0
BACON,204.0,275.0,315.0,384.0,353.0,351.0,388.0,407.0,1077.0,3754.0
BAKER,86.0,76.0,94.0,83.0,131.0,164.0,169.0,167.0,417.0,1387.0
BALDWIN,959.0,1083.0,1111.0,1105.0,1282.0,1610.0,1754.0,1681.0,4249.0,14834.0
BANKS,394.0,432.0,554.0,625.0,672.0,735.0,681.0,681.0,1727.0,6501.0
BARROW,2189.0,2567.0,2888.0,2789.0,2920.0,2782.0,2790.0,2459.0,5732.0,27116.0
BARTOW,2607.0,2788.0,3160.0,3366.0,4286.0,4364.0,4233.0,3702.0,8317.0,36823.0
BEN HILL,349.0,412.0,420.0,412.0,505.0,551.0,618.0,705.0,1697.0,5669.0
BERRIEN,402.0,434.0,474.0,559.0,635.0,627.0,684.0,625.0,1794.0,6234.0
BIBB,4498.0,4517.0,4843.0,4718.0,5194.0,5913.0,6671.0,6270.0,15492.0,58116.0
BLECKLEY,282.0,314.0,364.0,368.0,439.0,547.0,549.0,455.0,1355.0,4673.0
BRANTLEY,370.0,408.0,485.0,514.0,619.0,696.0,670.0,627.0,1575.0,5964.0
BROOKS,358.0,442.0,373.0,433.0,495.0,637.0,709.0,685.0,1860.0,5992.0
BRYAN,848.0,1217.0,1430.0,1545.0,1752.0,1743.0,1621.0,1392.0,2697.0,14245.0
BULLOCH,1844.0,1932.0,1902.0,1885.0,2055.0,2238.0,2238.0,2096.0,5181.0,21371.0
BURKE,623.0,625.0,734.0,731.0,852.0,956.0,1050.0,1048.0,2219.0,8838.0
BUTTS,563.0,673.0,705.0,750.0,907.0,1032.0,1035.0,980.0,2344.0,8989.0
CALHOUN,109.0,118.0,144.0,153.0,174.0,200.0,221.0,252.0,553.0,1924.0
CAMDEN,1178.0,1331.0,1306.0,1351.0,1832.0,2181.0,2258.0,1893.0,4558.0,17888.0
CANDLER,226.0,235.0,253.0,288.0,350.0,361.0,365.0,404.0,1050.0,3532.0
CARROLL,2976.0,3372.0,3428.0,3777.0,4329.0,4430.0,4348.0,3906.0,9743.0,40309.0
CATOOSA,1487.0,1806.0,2141.0,2370.0,2779.0,2713.0,2604.0,2562.0,6807.0,25269.0
CHARLTON,274.0,245.0,247.0,280.0,359.0,424.0,476.0,402.0,1042.0,3749.0
CHATHAM,8543.0,9206.0,9140.0,8359.0,9276.0,10090.0,10980.0,10765.0,28080.0,104439.0
CHATTAHOOCHEE,106.0,114.0,114.0,123.0,148.0,154.0,141.0,136.0,254.0,1290.0
CHATTOOGA,403.0,474.0,609.0,665.0,785.0,814.0,923.0,860.0,2313.0,7846.0
CHEROKEE,6355.0,7797.0,9434.0,11308.0,12954.0,12271.0,11628.0,9764.0,23054.0,104565.0
CLARKE,4721.0,4093.0,3785.0,3133.0,3027.0,2954.0,3174.0,3366.0,8867.0,37120.0
CLAY,64.0,67.0,97.0,64.0,90.0,104.0,130.0,154.0,478.0,1248.0
CLAYTON,7705.0,7612.0,8030.0,8856.0,9999.0,10282.0,9845.0,8361.0,14597.0,85287.0
CLINCH,153.0,190.0,190.0,209.0,230.0,255.0,265.0,249.0,605.0,2346.0
COBB,23711.0,26026.0,29057.0,31354.0,36129.0,36097.0,34294.0,29092.0,62434.0,308194.0
COFFEE,915.0,1015.0,1137.0,1199.0,1295.0,1398.0,1469.0,1399.0,3279.0,13106.0
COLQUITT,823.0,946.0,1069.0,1023.0,1152.0,1300.0,1386.0,1397.0,3732.0,12828.0
COLUMBIA,4134.0,4963.0,5527.0,5887.0,6687.0,6935.0,6775.0,6297.0,13202.0,60407.0
COOK,362.0,416.0,453.0,522.0,543.0,635.0,616.0,542.0,1604.0,5693.0
COWETA,3688.0,4522.0,5199.0,5624.0,7080.0,7084.0,6506.0,5469.0,12732.0,57904.0
CRAWFORD,290.0,302.0,316.0,359.0,469.0,609.0,659.0,534.0,1370.0,4908.0
CRISP,440.0,478.0,500.0,562.0,633.0,681.0,808.0,850.0,2156.0,7108.0
DADE,323.0,438.0,461.0,456.0,502.0,624.0,721.0,684.0,1708.0,5917.0
DAWSON,614.0,697.0,682.0,856.0,1048.0,1206.0,1281.0,1223.0,3495.0,11102.0
DECATUR,621.0,617.0,707.0,807.0,919.0,1068.0,1128.0,1089.0,2687.0,9643.0
DEKALB,27420.0,29949.0,30078.0,28865.0,31465.0,31561.0,30161.0,27090.0,57806.0,294395.0
DODGE,390.0,444.0,509.0,525.0,696.0,719.0,698.0,717.0,1977.0,6675.0
DOOLY,213.0,237.0,269.0,232.0,286.0,371.0,419.0,438.0,1076.0,3541.0
DOUGHERTY,2257.0,2336.0,2542.0,2553.0,2767.0,3148.0,3421.0,3537.0,8697.0,31258.0
DOUGLAS,3618.0,3832.0,5035.0,5793.0,6941.0,6784.0,5932.0,4928.0,10578.0,53441.0
EARLY,289.0,294.0,369.0,377.0,426.0,460.0,491.0,495.0,1330.0,4531.0
ECHOLS,66.0,96.0,80.0,117.0,93.0,134.0,121.0,114.0,276.0,1097.0
EFFINGHAM,1540.0,1892.0,2145.0,2249.0,2582.0,2657.0,2559.0,2128.0,4338.0,22090.0
ELBERT,458.0,454.0,508.0,557.0,675.0,772.0,840.0,886.0,2461.0,7611.0
EMANUEL,528.0,520.0,581.0,568.0,657.0,739.0,830.0,823.0,2170.0,7416.0
EVANS,228.0,215.0,243.0,257.0,292.0,330.0,438.0,352.0,1087.0,3442.0
FANNIN,465.0,493.0,585.0,660.0,828.0,1087.0,1318.0,1504.0,4435.0,11375.0
FAYETTE,2883.0,2897.0,3575.0,4572.0,6208.0,7471.0,7318.0,6654.0,15175.0,56753.0
FLOYD,2136.0,2166.0,2397.0,2713.0,3218.0,3331.0,3688.0,3524.0,9454.0,32627.0
FORSYTH,4138.0,6145.0,8459.0,11289.0,14051.0,12289.0,9716.0,7151.0,18347.0,91585.0
FRANKLIN,505.0,536.0,562.0,606.0,795.0,831.0,903.0,859.0,2450.0,8047.0
FULTON,39333.0,40255.0,40274.0,40478.0,45825.0,43377.0,39763.0,33850.0,75501.0,398656.0
GILMER,524.0,554.0,633.0,808.0,942.0,1183.0,1371.0,1577.0,4653.0,12245.0
GLASCOCK,86.0,81.0,100.0,130.0,136.0,138.0,156.0,122.0,345.0,1294.0
GLYNN,1728.0,1950.0,2228.0,2333.0,2940.0,3282.0,3626.0,3851.0,10867.0,32805.0
GORDON,1097.0,1252.0,1451.0,1704.0,1986.0,1939.0,1909.0,1796.0,4566.0,17700.0
GRADY,527.0,620.0,579.0,677.0,780.0,973.0,1018.0,921.0,2654.0,8749.0
GREENE,389.0,452.0,494.0,457.0,564.0,704.0,844.0,1053.0,3681.0,8638.0
GWINNETT,21412.0,23942.0,28752.0,32043.0,38741.0,39301.0,35554.0,28590.0,52874.0,301209.0
HABERSHAM,885.0,922.0,1060.0,1210.0,1387.0,1493.0,1619.0,1701.0,5015.0,15292.0
HALL,4548.0,4511.0,4915.0,5426.0,6732.0,7152.0,7001.0,6774.0,18477.0,65536.0
HANCOCK,209.0,170.0,218.0,173.0,278.0,397.0,387.0,454.0,1135.0,3421.0
HARALSON,705.0,780.0,790.0,999.0,1227.0,1189.0,1099.0,1014.0,2848.0,10651.0
HARRIS,830.0,923.0,1103.0,1348.0,1718.0,1915.0,1860.0,1832.0,4039.0,15568.0
HART,507.0,496.0,587.0,651.0,826.0,999.0,1053.0,1088.0,3445.0,9652.0
HEARD,237.0,244.0,257.0,373.0,398.0,438.0,526.0,448.0,1054.0,3975.0
HENRY,6061.0,6618.0,8594.0,10433.0,12114.0,11838.0,9971.0,8083.0,17094.0,90806.0
HOUSTON,3896.0,4672.0,5037.0,4997.0,5611.0,6901.0,6837.0,5692.0,12658.0,56301.0
IRWIN,190.0,250.0,262.0,265.0,346.0,366.0,348.0,392.0,1030.0,3449.0
JACKSON,1666.0,1963.0,2582.0,2572.0,2973.0,2771.0,2633.0,2356.0,6081.0,25597.0
JASPER,335.0,415.0,398.0,475.0,535.0,662.0,680.0,635.0,1571.0,5706.0
JEFF DAVIS,288.0,336.0,350.0,410.0,473.0,522.0,530.0,533.0,1327.0,4769.0
JEFFERSON,443.0,407.0,450.0,478.0,583.0,715.0,695.0,783.0,1955.0,6509.0
JENKINS,197.0,166.0,213.0,206.0,251.0,270.0,347.0,341.0,893.0,2884.0
JOHNSON,220.0,220.0,261.0,255.0,312.0,381.0,411.0,392.0,993.0,3445.0
JONES,664.0,787.0,1037.0,1043.0,1274.0,1336.0,1346.0,1235.0,3123.0,11845.0
LAMAR,487.0,483.0,497.0,613.0,685.0,737.0,797.0,805.0,2038.0,7142.0
LANIER,193.0,234.0,221.0,224.0,257.0,309.0,337.0,284.0,666.0,2725.0
LAURENS,1143.0,1238.0,1570.0,1559.0,1786.0,1918.0,2011.0,1992.0,5194.0,18411.0
LEE,855.0,1106.0,1362.0,1442.0,1643.0,1442.0,1502.0,1351.0,2616.0,13319.0
LIBERTY,1100.0,1199.0,1277.0,1303.0,1564.0,1905.0,2008.0,1710.0,3164.0,15230.0
LINCOLN,245.0,196.0,218.0,274.0,292.0,410.0,465.0,473.0,1285.0,3858.0
LONG,318.0,385.0,364.0,413.0,414.0,461.0,435.0,395.0,650.0,3835.0
LOWNDES,2691.0,2932.0,2904.0,2869.0,3439.0,3729.0,3818.0,3567.0,8607.0,34556.0
LUMPKIN,729.0,733.0,796.0,856.0,980.0,1120.0,1376.0,1363.0,3471.0,11424.0
MCDUFFIE,594.0,687.0,643.0,708.0,816.0,970.0,986.0,964.0,2463.0,8831.0
MCINTOSH,349.0,331.0,332.0,360.0,464.0,535.0,639.0,706.0,1918.0,5634.0
MACON,282.0,248.0,263.0,304.0,315.0,450.0,491.0,551.0,1183.0,4087.0
MADISON,723.0,812.0,870.0,965.0,1095.0,1306.0,1246.0,1243.0,2958.0,11218.0
MARION,177.0,202.0,180.0,197.0,244.0,349.0,331.0,303.0,819.0,2802.0
MERIWETHER,563.0,529.0,621.0,628.0,826.0,944.0,1003.0,1013.0,2625.0,8752.0
MILLER,126.0,170.0,177.0,174.0,215.0,266.0,249.0,247.0,770.0,2394.0
MITCHELL,456.0,503.0,574.0,605.0,704.0,817.0,859.0,822.0,2111.0,7451.0
MONROE,655.0,714.0,930.0,976.0,1237.0,1335.0,1423.0,1490.0,3176.0,11936.0
MONTGOMERY,212.0,266.0,206.0,261.0,316.0,347.0,392.0,354.0,1002.0,3356.0
MORGAN,511.0,570.0,661.0,734.0,905.0,1003.0,983.0,999.0,2568.0,8934.0
MURRAY,841.0,862.0,982.0,1065.0,1265.0,1372.0,1307.0,1202.0,2734.0,11630.0
MUSCOGEE,4812.0,5274.0,5381.0,5392.0,6012.0,6946.0,7477.0,7052.0,15919.0,64265.0
NEWTON,2735.0,3010.0,3798.0,4411.0,5180.0,4830.0,4332.0,3661.0,8902.0,40859.0
OCONEE,1035.0,1305.0,1782.0,1919.0,2332.0,2148.0,2130.0,1885.0,4099.0,18635.0
OGLETHORPE,361.0,433.0,478.0,510.0,678.0,686.0,779.0,681.0,1707.0,6313.0
PAULDING,4193.0,5016.0,6310.0,7293.0,8439.0,7580.0,6311.0,4923.0,10181.0,60246.0
PEACH,705.0,658.0,656.0,752.0,882.0,1090.0,1197.0,1103.0,2783.0,9826.0
PICKENS,715.0,737.0,865.0,982.0,1249.0,1342.0,1503.0,1515.0,4464.0,13372.0
PIERCE,422.0,442.0,604.0,602.0,739.0,713.0,673.0,672.0,2061.0,6928.0
PIKE,504.0,562.0,630.0,868.0,951.0,1010.0,882.0,771.0,1892.0,8070.0
POLK,892.0,924.0,1004.0,1092.0,1334.0,1410.0,1509.0,1399.0,3822.0,13386.0
PULASKI,186.0,187.0,214.0,230.0,297.0,355.0,401.0,398.0,1111.0,3379.0
PUTNAM,449.0,494.0,480.0,533.0,745.0,826.0,998.0,1119.0,3495.0,9139.0
QUITMAN,54.0,47.0,44.0,50.0,75.0,97.0,101.0,124.0,423.0,1015.0
RABUN,321.0,329.0,390.0,501.0,582.0,634.0,800.0,895.0,3192.0,7644.0
RANDOLPH,168.0,164.0,181.0,186.0,201.0,273.0,326.0,323.0,879.0,2701.0
RICHMOND,6203.0,6029.0,5822.0,5552.0,6053.0,7305.0,8184.0,7946.0,17602.0,70696.0
ROCKDALE,2223.0,2176.0,2709.0,3224.0,3921.0,4503.0,4209.0,3809.0,8312.0,35086.0
SCHLEY,105.0,132.0,161.0,171.0,239.0,183.0,174.0,141.0,463.0,1769.0
SCREVEN,386.0,348.0,397.0,389.0,459.0,555.0,630.0,660.0,1591.0,5415.0
SEMINOLE,178.0,189.0,224.0,243.0,284.0,329.0,400.0,402.0,1164.0,3413.0
SPALDING,1621.0,1647.0,1887.0,2030.0,2232.0,2438.0,2604.0,2551.0,7246.0,24256.0
STEPHENS,519.0,549.0,676.0,668.0,831.0,908.0,1035.0,1081.0,3028.0,9295.0
STEWART,131.0,135.0,131.0,135.0,169.0,226.0,234.0,248.0,569.0,1978.0
SUMTER,671.0,671.0,765.0,814.0,963.0,1089.0,1103.0,1158.0,3083.0,10317.0
TALBOT,161.0,158.0,178.0,206.0,262.0,355.0,405.0,451.0,893.0,3069.0
TALIAFERRO,38.0,57.0,60.0,47.0,64.0,104.0,81.0,92.0,318.0,861.0
TATTNALL,370.0,444.0,498.0,535.0,633.0,698.0,768.0,673.0,1937.0,6556.0
TAYLOR,195.0,185.0,227.0,247.0,317.0,340.0,366.0,353.0,950.0,3180.0
TELFAIR,214.0,208.0,245.0,262.0,305.0,361.0,422.0,450.0,1133.0,3600.0
TERRELL,268.0,216.0,285.0,233.0,333.0,448.0,467.0,470.0,1213.0,3933.0
THOMAS,1045.0,1325.0,1435.0,1392.0,1688.0,1905.0,2015.0,1922.0,5087.0,17814.0
TIFT,894.0,1020.0,1102.0,1140.0,1314.0,1381.0,1465.0,1452.0,3559.0,13327.0
TOOMBS,544.0,598.0,709.0,681.0,822.0,855.0,929.0,958.0,2523.0,8619.0
TOWNS,232.0,227.0,223.0,304.0,396.0,477.0,610.0,749.0,3135.0,6353.0
TREUTLEN,161.0,176.0,216.0,210.0,228.0,261.0,255.0,274.0,757.0,2538.0
TROUP,1655.0,1847.0,2022.0,2083.0,2469.0,2686.0,2724.0,2688.0,6166.0,24340.0
TURNER,191.0,226.0,254.0,221.0,314.0,313.0,359.0,362.0,944.0,3184.0
TWIGGS,241.0,254.0,265.0,238.0,326.0,422.0,495.0,486.0,1117.0,3844.0
UNION,406.0,451.0,502.0,580.0,792.0,982.0,1240.0,1440.0,5318.0,11711.0
UPSON,615.0,620.0,752.0,820.0,1004.0,1081.0,1182.0,1126.0,3102.0,10302.0
WALKER,1275.0,1557.0,1811.0,2062.0,2246.0,2375.0,2542.0,2600.0,6529.0,22997.0
WALTON,2335.0,2836.0,3269.0,3673.0,4442.0,4459.0,4101.0,3630.0,9097.0,37842.0
WARE,704.0,722.0,847.0,859.0,1054.0,1129.0,1272.0,1363.0,3602.0,11552.0
WARREN,151.0,125.0,152.0,139.0,197.0,227.0,266.0,254.0,703.0,2214.0
WASHINGTON,542.0,503.0,584.0,559.0,701.0,933.0,965.0,945.0,2265.0,7997.0
WAYNE,597.0,658.0,741.0,800.0,965.0,1025.0,1055.0,1099.0,2907.0,9847.0
WEBSTER,56.0,60.0,68.0,84.0,94.0,115.0,126.0,131.0,307.0,1041.0
WHEELER,112.0,107.0,147.0,151.0,168.0,213.0,219.0,225.0,623.0,1965.0
WHITE,556.0,563.0,720.0,812.0,980.0,1138.0,1275.0,1265.0,3922.0,11231.0
WHITFIELD,2032.0,1983.0,2243.0,2423.0,2883.0,3092.0,3118.0,2912.0,7462.0,28148.0
WILCOX,192.0,187.0,221.0,210.0,257.0,258.0,293.0,338.0,872.0,2828.0
WILKES,229.0,218.0,263.0,288.0,374.0,466.0,472.0,490.0,1454.0,4254.0
WILKINSON,217.0,281.0,284.0,277.0,363.0,463.0,477.0,494.0,1153.0,4009.0
WORTH,481.0,519.0,530.0,629.0,764.0,811.0,907.0,915.0,2268.0,7824.0
TOTAL,281011.0,305570.0,337189.0,359715.0,418739.0,432261.0,421831.0,380344.0,891632.0,3828292.0
