COUNTY NAME,UNKNOWN,UNKNOWN FEMALE,UNKNOWN MALE,OTHER UNKNOWN,OTHER FEMALE,OTHER MALE,NATIVE-AM UNKNOWN,NATIVE-AM FEMALE,NATIVE-AM MALE,HISP-LT UNKNOWN,HISP-LT FEMALE,HISP-LT MALE,ASIA-PI UNKNOWN,ASIA-PI FEMALE,ASIA-PI MALE,WHITE UNKNOWN,WHITE FEMALE,WHITE MALE,BLACK UNKNOWN,BLACK FEMALE,BLACK MALE,TOTAL
DEKALB,2.0,2625.0,1832.0,1.0,672.0,403.0,0.0,17.0,18.0,0.0,410.0,293.0,0.0,401.0,405.0,0.0,14104.0,11214.0,1.0,51330.0,28664.0,112392.0
GWINNETT,49.0,1315.0,1056.0,5.0,446.0,345.0,0.0,21.0,13.0,2.0,536.0,376.0,3.0,424.0,477.0,9.0,11933.0,10770.0,29.0,10159.0,5932.0,43900.0
NEWTON,0.0,333.0,297.0,0.0,44.0,24.0,0.0,5.0,5.0,0.0,86.0,58.0,0.0,38.0,22.0,0.0,5280.0,4702.0,1.0,7121.0,3844.0,21860.0
ROCKDALE,1.0,1215.0,906.0,0.0,120.0,71.0,0.0,3.0,8.0,0.0,115.0,79.0,0.0,78.0,71.0,0.0,6157.0,5622.0,1.0,7849.0,4732.0,27028.0
TOTAL,52.0,5488.0,4091.0,6.0,1282.0,843.0,0.0,46.0,44.0,2.0,1147.0,806.0,3.0,941.0,975.0,9.0,37474.0,32308.0,32.0,76459.0,43172.0,205180.0
