COUNTY NAME,UNKNOWN,UNKNOWN FEMALE,UNKNOWN MALE,OTHER UNKNOWN,OTHER FEMALE,OTHER MALE,NATIVE-AM UNKNOWN,NATIVE-AM FEMALE,NATIVE-AM MALE,HISP-LT UNKNOWN,HISP-LT FEMALE,HISP-LT MALE,ASIA-PI UNKNOWN,ASIA-PI FEMALE,ASIA-PI MALE,WHITE UNKNOWN,WHITE FEMALE,WHITE MALE,BLACK UNKNOWN,BLACK FEMALE,BLACK MALE,TOTAL
CLAYTON,20.0,2252.0,2058.0,0.0,454.0,355.0,0.0,27.0,14.0,2.0,859.0,767.0,6.0,962.0,1116.0,1.0,4309.0,3533.0,13.0,22695.0,16454.0,55897.0
DEKALB,8.0,4494.0,4692.0,0.0,876.0,669.0,0.0,44.0,34.0,0.0,790.0,651.0,1.0,985.0,776.0,2.0,23243.0,21169.0,2.0,34780.0,25275.0,118491.0
FULTON,269.0,20677.0,21464.0,4.0,2447.0,2124.0,0.0,82.0,69.0,8.0,1947.0,1928.0,6.0,1822.0,1696.0,40.0,43867.0,45997.0,111.0,102934.0,82016.0,329508.0
TOTAL,297.0,27423.0,28214.0,4.0,3777.0,3148.0,0.0,153.0,117.0,10.0,3596.0,3346.0,13.0,3769.0,3588.0,43.0,71419.0,70699.0,126.0,160409.0,123745.0,503896.0
