COUNTY NAME,UNKNOWN,UNKNOWN FEMALE,UNKNOWN MALE,OTHER UNKNOWN,OTHER FEMALE,OTHER MALE,NATIVE-AM UNKNOWN,NATIVE-AM FEMALE,NATIVE-AM MALE,HISP-LT UNKNOWN,HISP-LT FEMALE,HISP-LT MALE,ASIA-PI UNKNOWN,ASIA-PI FEMALE,ASIA-PI MALE,WHITE UNKNOWN,WHITE FEMALE,WHITE MALE,BLACK UNKNOWN,BLACK FEMALE,BLACK MALE,TOTAL
CLAYTON,3.0,722.0,437.0,0.0,117.0,71.0,0.0,4.0,2.0,0.0,186.0,134.0,0.0,139.0,223.0,1.0,1849.0,1560.0,5.0,10521.0,5587.0,21561.0
DEKALB,2.0,1577.0,1266.0,0.0,283.0,212.0,0.0,11.0,7.0,0.0,275.0,215.0,0.0,300.0,219.0,1.0,11812.0,10775.0,0.0,17002.0,9089.0,53046.0
FULTON,32.0,6959.0,5775.0,0.0,679.0,558.0,0.0,8.0,11.0,0.0,473.0,460.0,1.0,443.0,372.0,21.0,18649.0,20329.0,24.0,42164.0,24431.0,121389.0
TOTAL,37.0,9258.0,7478.0,0.0,1079.0,841.0,0.0,23.0,20.0,0.0,934.0,809.0,1.0,882.0,814.0,23.0,32310.0,32664.0,29.0,69687.0,39107.0,195996.0
