COUNTY NAME,UNKNOWN,UNKNOWN FEMALE,UNKNOWN MALE,OTHER UNKNOWN,OTHER FEMALE,OTHER MALE,NATIVE-AM UNKNOWN,NATIVE-AM FEMALE,NATIVE-AM MALE,HISP-LT UNKNOWN,HISP-LT FEMALE,HISP-LT MALE,ASIA-PI UNKNOWN,ASIA-PI FEMALE,ASIA-PI MALE,WHITE UNKNOWN,WHITE FEMALE,WHITE MALE,BLACK UNKNOWN,BLACK FEMALE,BLACK MALE,TOTAL
COBB,7.0,841.0,878.0,0.0,456.0,417.0,0.0,20.0,19.0,2.0,662.0,508.0,1.0,765.0,705.0,20.0,30564.0,28792.0,1.0,3388.0,2217.0,70263.0
DEKALB,4.0,1400.0,1326.0,1.0,274.0,238.0,0.0,10.0,13.0,0.0,501.0,395.0,0.0,586.0,564.0,2.0,19377.0,18092.0,1.0,3803.0,2138.0,48725.0
FULTON,25.0,5156.0,4809.0,2.0,723.0,649.0,0.0,12.0,12.0,2.0,665.0,559.0,5.0,977.0,1194.0,27.0,36983.0,33987.0,3.0,6322.0,3792.0,95904.0
TOTAL,36.0,7397.0,7013.0,3.0,1453.0,1304.0,0.0,42.0,44.0,4.0,1828.0,1462.0,6.0,2328.0,2463.0,49.0,86924.0,80871.0,5.0,13513.0,8147.0,214892.0
