COUNTY NAME,UNKNOWN,UNKNOWN FEMALE,UNKNOWN MALE,OTHER UNKNOWN,OTHER FEMALE,OTHER MALE,NATIVE-AM UNKNOWN,NATIVE-AM FEMALE,NATIVE-AM MALE,HISP-LT UNKNOWN,HISP-LT FEMALE,HISP-LT MALE,ASIA-PI UNKNOWN,ASIA-PI FEMALE,ASIA-PI MALE,WHITE UNKNOWN,WHITE FEMALE,WHITE MALE,BLACK UNKNOWN,BLACK FEMALE,BLACK MALE,TOTAL
CLAYTON,16.0,2213.0,1953.0,0.0,423.0,334.0,0.0,22.0,11.0,2.0,822.0,717.0,7.0,938.0,1099.0,1.0,4301.0,3532.0,12.0,22215.0,15928.0,54546.0
DEKALB,3.0,4213.0,4404.0,0.0,819.0,631.0,0.0,39.0,28.0,0.0,735.0,598.0,1.0,913.0,725.0,2.0,22660.0,20590.0,3.0,34136.0,24426.0,114926.0
FULTON,151.0,19862.0,20468.0,3.0,2289.0,1933.0,0.0,61.0,48.0,5.0,1768.0,1766.0,6.0,1667.0,1539.0,29.0,42404.0,44422.0,63.0,97148.0,74641.0,310273.0
TOTAL,170.0,26288.0,26825.0,3.0,3531.0,2898.0,0.0,122.0,87.0,7.0,3325.0,3081.0,14.0,3518.0,3363.0,32.0,69365.0,68544.0,78.0,153499.0,114995.0,479745.0
