COUNTY NAME,UNKNOWN,UNKNOWN FEMALE,UNKNOWN MALE,OTHER UNKNOWN,OTHER FEMALE,OTHER MALE,NATIVE-AM UNKNOWN,NATIVE-AM FEMALE,NATIVE-AM MALE,HISP-LT UNKNOWN,HISP-LT FEMALE,HISP-LT MALE,ASIA-PI UNKNOWN,ASIA-PI FEMALE,ASIA-PI MALE,WHITE UNKNOWN,WHITE FEMALE,WHITE MALE,BLACK UNKNOWN,BLACK FEMALE,BLACK MALE,TOTAL
BARTOW,2.0,2226.0,2398.0,0.0,151.0,150.0,0.0,21.0,17.0,0.0,536.0,528.0,1.0,134.0,129.0,5.0,24409.0,21895.0,1.0,3171.0,2388.0,58162.0
CHEROKEE,6.0,4461.0,4894.0,1.0,682.0,636.0,0.0,44.0,39.0,0.0,1957.0,1621.0,0.0,749.0,557.0,6.0,63080.0,56417.0,1.0,4141.0,3268.0,142560.0
COBB,94.0,5414.0,5426.0,15.0,1980.0,1465.0,0.0,120.0,97.0,11.0,3937.0,3107.0,4.0,2283.0,2016.0,61.0,72134.0,64587.0,47.0,32455.0,22348.0,217601.0
FULTON,3.0,1907.0,1857.0,0.0,221.0,171.0,0.0,2.0,4.0,0.0,207.0,170.0,0.0,261.0,224.0,5.0,12385.0,11072.0,0.0,1064.0,766.0,30319.0
TOTAL,105.0,14008.0,14575.0,16.0,3034.0,2422.0,0.0,187.0,157.0,11.0,6637.0,5426.0,5.0,3427.0,2926.0,77.0,172008.0,153971.0,49.0,40831.0,28770.0,448642.0
