COUNTY NAME,UNKNOWN,UNKNOWN FEMALE,UNKNOWN MALE,OTHER UNKNOWN,OTHER FEMALE,OTHER MALE,NATIVE-AM UNKNOWN,NATIVE-AM FEMALE,NATIVE-AM MALE,HISP-LT UNKNOWN,HISP-LT FEMALE,HISP-LT MALE,ASIA-PI UNKNOWN,ASIA-PI FEMALE,ASIA-PI MALE,WHITE UNKNOWN,WHITE FEMALE,WHITE MALE,BLACK UNKNOWN,BLACK FEMALE,BLACK MALE,TOTAL
DEKALB,31.0,7574.0,7434.0,2.0,2019.0,1337.0,0.0,101.0,69.0,1.0,1266.0,916.0,0.0,1443.0,1395.0,2.0,24721.0,19691.0,6.0,101619.0,73008.0,242635.0
GWINNETT,113.0,3987.0,3895.0,8.0,1362.0,1096.0,2.0,89.0,64.0,10.0,2109.0,1704.0,11.0,2051.0,2099.0,21.0,22109.0,19710.0,62.0,19827.0,14563.0,94892.0
NEWTON,3.0,1308.0,1412.0,0.0,184.0,124.0,0.0,14.0,14.0,0.0,375.0,274.0,0.0,139.0,115.0,0.0,11673.0,10095.0,2.0,14554.0,10121.0,50407.0
ROCKDALE,4.0,3054.0,2846.0,0.0,386.0,266.0,0.0,12.0,16.0,0.0,498.0,389.0,0.0,308.0,229.0,2.0,12078.0,10697.0,3.0,14778.0,10693.0,56259.0
TOTAL,151.0,15923.0,15587.0,10.0,3951.0,2823.0,2.0,216.0,163.0,11.0,4248.0,3283.0,11.0,3941.0,3838.0,25.0,70581.0,60193.0,73.0,150778.0,108385.0,444193.0
