COUNTY NAME,UNKNOWN,UNKNOWN FEMALE,UNKNOWN MALE,OTHER UNKNOWN,OTHER FEMALE,OTHER MALE,NATIVE-AM UNKNOWN,NATIVE-AM FEMALE,NATIVE-AM MALE,HISP-LT UNKNOWN,HISP-LT FEMALE,HISP-LT MALE,ASIA-PI UNKNOWN,ASIA-PI FEMALE,ASIA-PI MALE,WHITE UNKNOWN,WHITE FEMALE,WHITE MALE,BLACK UNKNOWN,BLACK FEMALE,BLACK MALE,TOTAL
CLAYTON,17.0,2215.0,1959.0,0.0,425.0,335.0,0.0,22.0,11.0,2.0,830.0,721.0,7.0,941.0,1103.0,1.0,4319.0,3561.0,12.0,22280.0,16016.0,54777.0
DEKALB,5.0,4220.0,4416.0,0.0,821.0,635.0,0.0,40.0,28.0,0.0,738.0,601.0,1.0,912.0,733.0,2.0,22677.0,20611.0,3.0,34236.0,24508.0,115187.0
FULTON,153.0,19902.0,20482.0,3.0,2300.0,1936.0,0.0,62.0,49.0,6.0,1780.0,1776.0,6.0,1672.0,1549.0,31.0,42383.0,44414.0,65.0,97375.0,75021.0,310965.0
TOTAL,175.0,26337.0,26857.0,3.0,3546.0,2906.0,0.0,124.0,88.0,8.0,3348.0,3098.0,14.0,3525.0,3385.0,34.0,69379.0,68586.0,80.0,153891.0,115545.0,480929.0
