COUNTY NAME,UNKNOWN,UNKNOWN FEMALE,UNKNOWN MALE,OTHER UNKNOWN,OTHER FEMALE,OTHER MALE,NATIVE-AM UNKNOWN,NATIVE-AM FEMALE,NATIVE-AM MALE,HISP-LT UNKNOWN,HISP-LT FEMALE,HISP-LT MALE,ASIA-PI UNKNOWN,ASIA-PI FEMALE,ASIA-PI MALE,WHITE UNKNOWN,WHITE FEMALE,WHITE MALE,BLACK UNKNOWN,BLACK FEMALE,BLACK MALE,TOTAL
COBB,33.0,2944.0,3111.0,5.0,1119.0,1029.0,0.0,57.0,59.0,5.0,1780.0,1485.0,6.0,2453.0,2287.0,54.0,53662.0,49741.0,7.0,7000.0,5456.0,132293.0
DEKALB,9.0,4431.0,4515.0,1.0,933.0,788.0,0.0,50.0,44.0,0.0,1719.0,1466.0,1.0,2238.0,2019.0,2.0,34908.0,31593.0,3.0,9776.0,7097.0,101593.0
FULTON,65.0,15351.0,14256.0,9.0,2388.0,2007.0,0.0,53.0,36.0,8.0,2599.0,2059.0,17.0,4455.0,4270.0,50.0,76561.0,67757.0,6.0,15864.0,11105.0,218916.0
TOTAL,107.0,22726.0,21882.0,15.0,4440.0,3824.0,0.0,160.0,139.0,13.0,6098.0,5010.0,24.0,9146.0,8576.0,106.0,165131.0,149091.0,16.0,32640.0,23658.0,452802.0
