PRECINCT NAME,UNKNOWN,UNKNOWN FEMALE,UNKNOWN MALE,OTHER UNKNOWN,OTHER FEMALE,OTHER MALE,NATIVE-AM UNKNOWN,NATIVE-AM FEMALE,NATIVE-AM MALE,HISP-LT UNKNOWN,HISP-LT FEMALE,HISP-LT MALE,ASIA-PI UNKNOWN,ASIA-PI FEMALE,ASIA-PI MALE,WHITE UNKNOWN,WHITE FEMALE,WHITE MALE,BLACK UNKNOWN,BLACK FEMALE,BLACK MALE,TOTAL
COBBTOWN,1.00,38.00,38.00,0.00,0.00,0.00,0.00,0.00,0.00,0.00,11.00,10.00,0.00,0.00,0.00,0.00,302.0,281.0,0.00,46.00,39.00,766.0
SHILOH,0.00,79.00,90.00,0.00,10.00,6.00,0.00,1.00,0.00,0.00,51.00,36.00,0.00,2.00,0.00,2.00,349.0,267.0,0.00,103.0,79.00,1075.0
COLLINS,0.00,58.00,76.00,0.00,5.00,2.00,0.00,1.00,1.00,0.00,15.00,14.00,0.00,2.00,0.00,0.00,524.0,467.0,1.00,134.0,106.0,1406.0
MANASSAS,0.00,11.00,11.00,0.00,0.00,1.00,0.00,0.00,0.00,0.00,1.00,2.00,0.00,1.00,0.00,0.00,79.00,78.00,0.00,31.00,31.00,246.0
DISTRICT II,3.00,124.0,129.0,0.00,11.00,9.00,0.00,2.00,2.00,0.00,32.00,23.00,0.00,4.00,5.00,0.00,801.0,634.0,1.00,366.0,242.0,2388.0
EAST GLENNVILLE,3.00,97.00,124.0,0.00,4.00,8.00,0.00,0.00,0.00,0.00,37.00,22.00,0.00,9.00,5.00,4.00,991.0,803.0,1.00,164.0,126.0,2398.0
DISTRICT IV,0.00,98.00,115.0,0.00,3.00,7.00,0.00,2.00,1.00,1.00,28.00,25.00,0.00,3.00,3.00,1.00,776.0,698.0,2.00,397.0,269.0,2429.0
DISTRICT V,0.00,52.00,62.00,0.00,0.00,1.00,0.00,0.00,0.00,0.00,6.00,9.00,0.00,2.00,0.00,0.00,432.0,403.0,0.00,45.00,59.00,1071.0
TOTAL,7.00,557.0,645.0,0.00,33.00,34.00,0.00,6.00,4.00,1.00,181.0,141.0,0.00,23.00,13.00,7.00,4254.0,3631.0,5.00,1286.0,951.0,11779.0
