PRECINCT NAME,UNKNOWN,UNKNOWN FEMALE,UNKNOWN MALE,OTHER UNKNOWN,OTHER FEMALE,OTHER MALE,NATIVE-AM UNKNOWN,NATIVE-AM FEMALE,NATIVE-AM MALE,HISP-LT UNKNOWN,HISP-LT FEMALE,HISP-LT MALE,ASIA-PI UNKNOWN,ASIA-PI FEMALE,ASIA-PI MALE,WHITE UNKNOWN,WHITE FEMALE,WHITE MALE,BLACK UNKNOWN,BLACK FEMALE,BLACK MALE,TOTAL
YATESVILLE,0.00,38.00,57.00,0.00,5.00,2.00,0.00,0.00,0.00,0.00,5.00,4.00,0.00,0.00,1.00,0.00,449.0,457.0,0.00,126.0,103.0,1247.0
SALEM,0.00,5.00,17.00,0.00,2.00,1.00,0.00,0.00,0.00,0.00,0.00,1.00,0.00,0.00,0.00,0.00,29.00,22.00,0.00,153.0,128.0,358.0
REDBONE,1.00,240.0,293.0,0.00,11.00,12.00,0.00,1.00,2.00,0.00,16.00,15.00,0.00,18.00,15.00,3.00,3048.0,2715.0,1.00,639.0,446.0,7476.0
TOWN,2.00,304.0,332.0,0.00,20.00,21.00,0.00,6.00,4.00,0.00,10.00,17.00,0.00,15.00,10.00,5.00,2414.0,1801.0,4.00,1700.0,1111.0,7776.0
TOTAL,3.00,587.0,699.0,0.00,38.00,36.00,0.00,7.00,6.00,0.00,31.00,37.00,0.00,33.00,26.00,8.00,5940.0,4995.0,5.00,2618.0,1788.0,16857.0
