PRECINCT NAME,UNKNOWN,UNKNOWN FEMALE,UNKNOWN MALE,OTHER UNKNOWN,OTHER FEMALE,OTHER MALE,NATIVE-AM UNKNOWN,NATIVE-AM FEMALE,NATIVE-AM MALE,HISP-LT UNKNOWN,HISP-LT FEMALE,HISP-LT MALE,ASIA-PI UNKNOWN,ASIA-PI FEMALE,ASIA-PI MALE,WHITE UNKNOWN,WHITE FEMALE,WHITE MALE,BLACK UNKNOWN,BLACK FEMALE,BLACK MALE,TOTAL
13B,0.00,0.00,0.00,0.00,0.00,0.00,0.00,0.00,0.00,0.00,0.00,0.00,0.00,0.00,0.00,0.00,0.00,0.00,0.00,0.00,0.00,0.00
AC1A,3.000,86.00,79.00,0.00,28.00,15.00,0.00,3.000,1.000,1.000,94.00,72.00,0.00,43.00,38.00,2.000,1178.0,960.0,1.000,414.0,275.0,3293.0
AC1B,0.00,65.00,60.00,0.00,20.00,11.00,0.00,0.00,2.000,0.00,77.00,45.00,0.00,13.00,13.00,0.00,1228.0,877.0,0.00,365.0,191.0,2967.0
AC1C,4.000,93.00,65.00,0.00,34.00,19.00,0.00,4.000,1.000,2.000,114.0,68.00,0.00,24.00,28.00,0.00,737.0,598.0,0.00,613.0,381.0,2785.0
AD01,3.000,50.00,41.00,0.00,24.00,21.00,0.00,0.00,0.00,0.00,38.00,29.00,0.00,35.00,37.00,2.000,691.0,597.0,0.00,90.00,64.00,1722.0
AU1A,0.00,55.00,34.00,0.00,30.00,17.00,0.00,2.000,2.000,0.00,47.00,40.00,0.00,15.00,9.000,0.00,355.0,265.0,1.000,1119.0,608.0,2599.0
BF02,1.000,50.00,38.00,0.00,21.00,19.00,0.00,1.000,0.00,1.000,37.00,32.00,0.00,42.00,39.00,1.000,709.0,686.0,0.00,186.0,144.0,2007.0
BF03,0.00,74.00,77.00,0.00,44.00,39.00,0.00,2.000,1.000,0.00,97.00,78.00,0.00,35.00,27.00,4.000,1483.0,1358.0,0.00,300.0,193.0,3812.0
BG01,3.000,40.00,30.00,0.00,18.00,17.00,0.00,0.00,1.000,0.00,38.00,29.00,0.00,20.00,14.00,1.000,639.0,589.0,1.000,172.0,78.00,1690.0
BG02,0.00,57.00,36.00,1.000,25.00,20.00,0.00,2.000,1.000,0.00,37.00,39.00,0.00,27.00,23.00,0.00,832.0,750.0,0.00,189.0,115.0,2154.0
BK01,2.000,87.00,74.00,0.00,40.00,29.00,0.00,2.000,1.000,0.00,96.00,66.00,0.00,46.00,45.00,2.000,873.0,772.0,1.000,495.0,314.0,2945.0
BR01,0.00,31.00,12.00,0.00,19.00,15.00,0.00,2.000,0.00,0.00,75.00,43.00,0.00,10.00,8.000,1.000,412.0,309.0,1.000,371.0,232.0,1541.0
BR02,2.000,52.00,40.00,0.00,29.00,15.00,0.00,2.000,1.000,0.00,63.00,48.00,0.00,27.00,25.00,0.00,692.0,572.0,0.00,570.0,359.0,2497.0
BT01,0.00,24.00,17.00,0.00,7.000,9.000,0.00,0.00,0.00,0.00,19.00,11.00,0.00,4.000,2.000,0.00,55.00,37.00,1.000,688.0,433.0,1307.0
BT02,1.000,45.00,27.00,0.00,28.00,15.00,0.00,1.000,2.000,0.00,72.00,34.00,0.00,4.000,5.000,0.00,85.00,52.00,1.000,1595.0,718.0,2685.0
BW01,1.000,59.00,54.00,0.00,31.00,16.00,0.00,3.000,1.000,0.00,26.00,28.00,0.00,50.00,47.00,0.00,619.0,569.0,0.00,164.0,117.0,1785.0
CA01,3.000,107.0,98.00,0.00,58.00,28.00,0.00,2.000,0.00,0.00,68.00,58.00,0.00,44.00,45.00,4.000,746.0,762.0,2.000,776.0,379.0,3180.0
CH02,2.000,41.00,39.00,0.00,16.00,17.00,0.00,0.00,0.00,0.00,31.00,28.00,0.00,20.00,19.00,1.000,881.0,819.0,0.00,132.0,113.0,2159.0
CH03,1.000,57.00,57.00,0.00,22.00,16.00,0.00,2.000,0.00,0.00,38.00,32.00,0.00,36.00,18.00,0.00,1069.0,995.0,1.000,302.0,236.0,2882.0
CK01,2.000,77.00,76.00,0.00,44.00,22.00,0.00,2.000,1.000,0.00,57.00,49.00,0.00,28.00,22.00,3.000,1006.0,855.0,3.000,510.0,259.0,3016.0
CL01,0.00,20.00,14.00,0.00,13.00,8.000,0.00,0.00,1.000,0.00,41.00,31.00,0.00,8.000,4.000,0.00,291.0,252.0,1.000,289.0,184.0,1157.0
CL02,1.000,54.00,39.00,0.00,32.00,14.00,0.00,1.000,0.00,0.00,67.00,43.00,0.00,9.000,13.00,2.000,631.0,539.0,2.000,1058.0,673.0,3178.0
CO01,1.000,47.00,35.00,0.00,41.00,15.00,0.00,2.000,2.000,0.00,78.00,44.00,0.00,15.00,9.000,1.000,456.0,337.0,1.000,1129.0,562.0,2775.0
CR01,0.00,39.00,52.00,0.00,15.00,15.00,0.00,0.00,2.000,0.00,15.00,21.00,0.00,38.00,41.00,0.00,1078.0,991.0,0.00,50.00,42.00,2399.0
DC01,1.000,36.00,39.00,0.00,16.00,14.00,0.00,1.000,0.00,0.00,22.00,16.00,0.00,63.00,51.00,1.000,967.0,858.0,0.00,41.00,35.00,2161.0
DI01,1.000,80.00,56.00,1.000,40.00,17.00,0.00,1.000,1.000,0.00,80.00,41.00,0.00,15.00,15.00,2.000,361.0,302.0,0.00,774.0,430.0,2217.0
DL01,4.000,33.00,29.00,1.000,20.00,16.00,0.00,1.000,1.000,0.00,27.00,22.00,0.00,18.00,15.00,1.000,813.0,714.0,0.00,302.0,221.0,2238.0
DO01,1.000,29.00,29.00,0.00,10.00,8.000,0.00,0.00,1.000,0.00,17.00,15.00,0.00,46.00,49.00,2.000,688.0,620.0,0.00,37.00,22.00,1574.0
DU01,1.000,54.00,57.00,0.00,11.00,15.00,0.00,1.000,2.000,0.00,26.00,17.00,0.00,17.00,10.00,2.000,1309.0,1200.0,0.00,121.0,101.0,2944.0
DV01,0.00,32.00,40.00,0.00,14.00,11.00,0.00,0.00,2.000,0.00,22.00,13.00,0.00,25.00,14.00,0.00,616.0,542.0,0.00,61.00,34.00,1426.0
EA01,2.000,38.00,49.00,0.00,17.00,18.00,0.00,4.000,1.000,0.00,31.00,17.00,0.00,54.00,44.00,1.000,1019.0,879.0,0.00,33.00,32.00,2239.0
EA02,3.000,51.00,42.00,0.00,26.00,21.00,0.00,2.000,3.000,1.000,42.00,32.00,1.000,46.00,26.00,2.000,1332.0,1229.0,0.00,98.00,82.00,3039.0
EL01,5.000,92.00,57.00,0.00,28.00,16.00,0.00,1.000,1.000,0.00,61.00,46.00,0.00,66.00,56.00,1.000,497.0,494.0,1.000,404.0,234.0,2060.0
EL02,1.000,39.00,38.00,0.00,21.00,15.00,0.00,0.00,2.000,0.00,29.00,15.00,0.00,23.00,18.00,1.000,694.0,594.0,0.00,117.0,84.00,1691.0
EL03,3.000,39.00,24.00,0.00,21.00,21.00,0.00,1.000,2.000,0.00,37.00,28.00,0.00,35.00,28.00,0.00,874.0,706.0,0.00,94.00,73.00,1986.0
EL04,1.000,45.00,36.00,0.00,26.00,16.00,0.00,0.00,0.00,0.00,85.00,41.00,0.00,63.00,46.00,0.00,581.0,493.0,0.00,240.0,135.0,1808.0
EL05,3.000,47.00,45.00,0.00,27.00,32.00,0.00,0.00,1.000,0.00,43.00,31.00,1.000,32.00,33.00,2.000,904.0,760.0,0.00,90.00,65.00,2116.0
EP01,0.00,43.00,41.00,0.00,22.00,12.00,0.00,0.00,0.00,0.00,59.00,34.00,0.00,28.00,28.00,0.00,487.0,425.0,0.00,224.0,132.0,1535.0
FO01,2.000,40.00,26.00,0.00,32.00,19.00,0.00,0.00,2.000,0.00,125.0,84.00,0.00,14.00,19.00,0.00,447.0,339.0,5.000,692.0,438.0,2284.0
FO02,5.000,55.00,31.00,0.00,26.00,25.00,0.00,0.00,3.000,0.00,165.0,117.0,2.000,25.00,27.00,1.000,409.0,340.0,2.000,736.0,353.0,2322.0
FO04,1.000,21.00,15.00,0.00,11.00,9.000,0.00,0.00,3.000,0.00,133.0,96.00,0.00,14.00,12.00,0.00,316.0,240.0,3.000,227.0,152.0,1253.0
FO05,0.00,10.00,10.00,0.00,13.00,7.000,0.00,0.00,0.00,0.00,67.00,47.00,0.00,4.000,1.000,0.00,216.0,210.0,0.00,195.0,112.0,892.0
FP01,1.000,55.00,57.00,1.000,25.00,27.00,0.00,1.000,1.000,0.00,36.00,29.00,0.00,107.0,105.0,0.00,990.0,905.0,0.00,83.00,70.00,2493.0
FR01,1.000,70.00,63.00,1.000,7.000,11.00,0.00,1.000,0.00,1.000,20.00,28.00,0.00,17.00,15.00,1.000,952.0,873.0,2.000,107.0,85.00,2255.0
FY01,1.000,47.00,34.00,0.00,16.00,12.00,0.00,0.00,3.000,0.00,30.00,18.00,0.00,28.00,25.00,3.000,678.0,615.0,0.00,130.0,96.00,1736.0
GM01,1.000,39.00,38.00,0.00,17.00,18.00,0.00,0.00,0.00,0.00,32.00,23.00,0.00,26.00,17.00,3.000,872.0,800.0,0.00,75.00,63.00,2024.0
GT01,3.000,58.00,52.00,0.00,25.00,21.00,0.00,1.000,2.000,0.00,58.00,42.00,0.00,34.00,19.00,1.000,1070.0,933.0,0.00,203.0,140.0,2662.0
HL01,4.000,75.00,51.00,0.00,40.00,17.00,0.00,4.000,2.000,0.00,86.00,45.00,0.00,34.00,19.00,0.00,514.0,404.0,2.000,1479.0,774.0,3550.0
HR01,1.000,38.00,34.00,0.00,15.00,5.000,0.00,0.00,0.00,0.00,17.00,18.00,0.00,16.00,10.00,1.000,917.0,830.0,0.00,75.00,49.00,2026.0
HT01,0.00,64.00,66.00,0.00,23.00,25.00,0.00,2.000,0.00,0.00,46.00,26.00,0.00,53.00,51.00,4.000,1415.0,1226.0,0.00,75.00,58.00,3134.0
HY01,3.000,69.00,64.00,1.000,16.00,20.00,0.00,0.00,1.000,1.000,36.00,34.00,0.00,25.00,23.00,1.000,1135.0,1067.0,2.000,157.0,120.0,2775.0
KE1A,0.00,31.00,25.00,0.00,14.00,11.00,0.00,2.000,1.000,0.00,37.00,26.00,0.00,9.000,9.000,0.00,534.0,422.0,0.00,229.0,118.0,1468.0
KE2A,0.00,50.00,40.00,0.00,28.00,18.00,0.00,1.000,0.00,0.00,63.00,51.00,0.00,50.00,34.00,1.000,852.0,760.0,1.000,253.0,159.0,2361.0
KE3A,1.000,94.00,65.00,1.000,41.00,26.00,0.00,0.00,6.000,2.000,100.0,53.00,0.00,45.00,31.00,0.00,1028.0,741.0,2.000,816.0,335.0,3387.0
KE4A,1.000,54.00,45.00,0.00,25.00,16.00,0.00,0.00,0.00,0.00,72.00,42.00,0.00,37.00,31.00,0.00,876.0,731.0,1.000,246.0,157.0,2334.0
KE5A,1.000,94.00,88.00,0.00,45.00,29.00,0.00,2.000,1.000,0.00,82.00,55.00,0.00,47.00,47.00,1.000,1304.0,1133.0,0.00,546.0,342.0,3817.0
KL01,1.000,32.00,26.00,0.00,12.00,10.00,0.00,0.00,2.000,0.00,36.00,22.00,0.00,10.00,11.00,0.00,618.0,562.0,0.00,58.00,39.00,1439.0
KP01,1.000,14.00,26.00,0.00,4.000,2.000,0.00,1.000,1.000,0.00,12.00,6.000,0.00,7.000,2.000,0.00,659.0,584.0,0.00,40.00,30.00,1389.0
KP02,5.000,41.00,41.00,0.00,21.00,14.00,0.00,1.000,1.000,0.00,36.00,27.00,0.00,25.00,18.00,1.000,1166.0,981.0,0.00,235.0,177.0,2790.0
KP03,0.00,58.00,51.00,0.00,19.00,17.00,0.00,0.00,2.000,0.00,21.00,16.00,0.00,21.00,21.00,1.000,1229.0,1141.0,0.00,124.0,109.0,2830.0
LA01,2.000,60.00,65.00,0.00,8.000,17.00,0.00,2.000,0.00,1.000,49.00,28.00,2.000,58.00,38.00,2.000,1087.0,1044.0,0.00,104.0,84.00,2651.0
LI01,1.000,74.00,69.00,0.00,36.00,17.00,0.00,0.00,2.000,1.000,35.00,31.00,0.00,42.00,33.00,2.000,667.0,609.0,2.000,912.0,628.0,3161.0
LM01,0.00,30.00,40.00,0.00,15.00,11.00,0.00,1.000,0.00,0.00,27.00,25.00,0.00,17.00,10.00,0.00,1026.0,898.0,0.00,201.0,146.0,2447.0
LM02,2.000,47.00,62.00,0.00,11.00,4.000,0.00,1.000,1.000,1.000,26.00,18.00,0.00,11.00,12.00,5.000,1367.0,1240.0,0.00,112.0,71.00,2991.0
LM03,0.00,66.00,72.00,0.00,18.00,11.00,0.00,1.000,2.000,0.00,40.00,31.00,0.00,11.00,15.00,3.000,1459.0,1307.0,0.00,343.0,266.0,3645.0
LM04,0.00,46.00,45.00,0.00,10.00,10.00,0.00,0.00,1.000,0.00,16.00,15.00,0.00,34.00,23.00,1.000,799.0,678.0,0.00,123.0,107.0,1908.0
LW01,0.00,24.00,25.00,0.00,12.00,3.000,0.00,0.00,0.00,1.000,17.00,13.00,0.00,12.00,5.000,0.00,471.0,435.0,0.00,81.00,61.00,1160.0
MA01,1.000,46.00,48.00,0.00,28.00,16.00,0.00,2.000,2.000,0.00,74.00,47.00,0.00,17.00,19.00,0.00,711.0,563.0,1.000,855.0,500.0,2930.0
MA02,1.000,34.00,22.00,0.00,19.00,15.00,0.00,0.00,0.00,0.00,54.00,46.00,0.00,4.000,3.000,0.00,307.0,273.0,0.00,479.0,260.0,1517.0
MA03,0.00,27.00,26.00,0.00,19.00,22.00,0.00,0.00,1.000,0.00,59.00,23.00,0.00,13.00,10.00,1.000,602.0,573.0,1.000,296.0,203.0,1876.0
MA04,1.000,14.00,9.000,0.00,12.00,7.000,0.00,0.00,0.00,0.00,20.00,15.00,0.00,7.000,9.000,0.00,421.0,417.0,0.00,109.0,78.00,1119.0
MB01,0.00,20.00,17.00,0.00,12.00,4.000,0.00,0.00,0.00,0.00,9.000,3.000,0.00,7.000,8.000,1.000,595.0,575.0,0.00,23.00,18.00,1292.0
MC01,0.00,49.00,35.00,0.00,31.00,13.00,0.00,3.000,2.000,0.00,69.00,39.00,0.00,10.00,13.00,0.00,450.0,402.0,0.00,763.0,520.0,2399.0
MD01,3.000,68.00,54.00,0.00,21.00,27.00,0.00,0.00,0.00,1.000,38.00,41.00,0.00,53.00,50.00,6.000,1265.0,1183.0,0.00,80.00,53.00,2943.0
ME01,1.000,43.00,33.00,0.00,16.00,18.00,0.00,0.00,0.00,0.00,44.00,20.00,0.00,14.00,4.000,1.000,628.0,530.0,0.00,488.0,349.0,2189.0
MK01,0.00,20.00,26.00,0.00,8.000,4.000,0.00,2.000,1.000,0.00,7.000,5.000,0.00,13.00,8.000,1.000,591.0,509.0,0.00,52.00,44.00,1291.0
ML01,0.00,25.00,20.00,0.00,9.000,7.000,0.00,2.000,0.00,0.00,9.000,7.000,0.00,3.000,2.000,4.000,508.0,454.0,0.00,53.00,47.00,1150.0
MR1A,3.000,42.00,35.00,0.00,21.00,19.00,0.00,2.000,0.00,0.00,72.00,62.00,1.000,11.00,23.00,0.00,440.0,417.0,2.000,450.0,268.0,1868.0
MR2A,1.000,24.00,23.00,0.00,11.00,10.00,0.00,2.000,1.000,0.00,16.00,11.00,0.00,8.000,5.000,0.00,764.0,628.0,0.00,81.00,62.00,1647.0
MR2B,0.00,60.00,48.00,0.00,25.00,19.00,0.00,1.000,1.000,0.00,54.00,32.00,0.00,23.00,21.00,0.00,819.0,757.0,0.00,613.0,287.0,2760.0
MR3A,1.000,80.00,65.00,0.00,44.00,20.00,0.00,5.000,2.000,0.00,72.00,35.00,1.000,31.00,13.00,0.00,1370.0,949.0,0.00,861.0,334.0,3883.0
MR4A,0.00,22.00,21.00,0.00,4.000,3.000,0.00,0.00,1.000,0.00,9.000,4.000,0.00,10.00,6.000,0.00,778.0,633.0,0.00,17.00,8.000,1516.0
MR4B,2.000,42.00,28.00,0.00,19.00,8.000,0.00,1.000,2.000,0.00,26.00,15.00,1.000,20.00,24.00,0.00,577.0,444.0,0.00,93.00,57.00,1359.0
MR4C,1.000,33.00,36.00,0.00,15.00,11.00,0.00,7.000,0.00,0.00,13.00,13.00,0.00,17.00,21.00,0.00,873.0,746.0,0.00,124.0,91.00,2001.0
MR5A,0.00,41.00,28.00,0.00,17.00,4.000,0.00,1.000,0.00,1.000,45.00,15.00,0.00,8.000,6.000,0.00,315.0,272.0,1.000,469.0,275.0,1498.0
MR5B,1.000,37.00,33.00,1.000,16.00,13.00,0.00,3.000,1.000,0.00,50.00,38.00,0.00,14.00,14.00,0.00,232.0,193.0,0.00,439.0,208.0,1293.0
MR6A,0.00,36.00,32.00,0.00,21.00,13.00,0.00,1.000,0.00,0.00,48.00,34.00,0.00,10.00,10.00,0.00,284.0,242.0,0.00,392.0,202.0,1325.0
MR6B,1.000,40.00,31.00,0.00,20.00,23.00,0.00,1.000,0.00,1.000,43.00,27.00,0.00,39.00,32.00,0.00,753.0,602.0,0.00,212.0,160.0,1985.0
MR7A,0.00,53.00,32.00,0.00,26.00,13.00,0.00,1.000,0.00,0.00,68.00,38.00,0.00,12.00,16.00,1.000,236.0,200.0,2.000,559.0,337.0,1594.0
MS01,1.000,37.00,42.00,0.00,15.00,11.00,0.00,0.00,1.000,0.00,26.00,31.00,0.00,15.00,8.000,2.000,958.0,932.0,0.00,74.00,69.00,2222.0
MS02,1.000,46.00,38.00,0.00,16.00,9.000,0.00,0.00,3.000,0.00,70.00,53.00,0.00,24.00,18.00,0.00,706.0,577.0,0.00,142.0,105.0,1808.0
MT01,3.000,59.00,57.00,0.00,23.00,19.00,0.00,1.000,0.00,0.00,38.00,27.00,0.00,62.00,54.00,4.000,1393.0,1252.0,0.00,51.00,34.00,3077.0
MT03,0.00,49.00,39.00,0.00,20.00,12.00,0.00,2.000,3.000,0.00,33.00,21.00,0.00,80.00,84.00,3.000,1051.0,783.0,0.00,66.00,31.00,2277.0
MT04,0.00,53.00,28.00,0.00,25.00,18.00,0.00,1.000,1.000,0.00,18.00,13.00,0.00,41.00,27.00,2.000,987.0,944.0,0.00,40.00,32.00,2230.0
NC01,3.000,42.00,26.00,2.000,16.00,10.00,0.00,3.000,1.000,0.00,42.00,33.00,1.000,26.00,24.00,0.00,505.0,469.0,0.00,180.0,113.0,1496.0
NJ01,0.00,108.0,68.00,0.00,54.00,19.00,0.00,2.000,1.000,0.00,54.00,41.00,0.00,44.00,44.00,1.000,671.0,603.0,1.000,878.0,452.0,3041.0
NP01,0.00,47.00,39.00,0.00,39.00,22.00,0.00,0.00,3.000,0.00,113.0,86.00,0.00,23.00,16.00,0.00,857.0,720.0,0.00,484.0,247.0,2696.0
NS01,0.00,31.00,31.00,0.00,21.00,12.00,0.00,1.000,1.000,0.00,38.00,25.00,0.00,9.000,10.00,0.00,710.0,614.0,0.00,93.00,72.00,1668.0
OK01,2.000,54.00,41.00,0.00,25.00,25.00,0.00,2.000,2.000,0.00,46.00,23.00,0.00,48.00,30.00,1.000,902.0,811.0,0.00,417.0,228.0,2657.0
OR01,0.00,19.00,15.00,0.00,3.000,8.000,0.00,0.00,0.00,0.00,8.000,9.000,0.00,13.00,7.000,0.00,502.0,474.0,0.00,92.00,71.00,1221.0
OR02,5.000,81.00,65.00,0.00,45.00,32.00,0.00,0.00,2.000,1.000,136.0,108.0,0.00,37.00,25.00,0.00,616.0,534.0,2.000,1054.0,614.0,3357.0
OR03,2.000,37.00,27.00,1.000,25.00,13.00,0.00,4.000,0.00,0.00,98.00,48.00,0.00,10.00,13.00,0.00,468.0,350.0,0.00,538.0,254.0,1888.0
OR04,3.000,65.00,46.00,0.00,31.00,19.00,0.00,4.000,3.000,0.00,105.0,81.00,0.00,15.00,19.00,0.00,523.0,414.0,0.00,796.0,516.0,2640.0
OR05,1.000,62.00,49.00,0.00,28.00,16.00,0.00,0.00,1.000,0.00,38.00,22.00,0.00,13.00,13.00,2.000,775.0,705.0,2.000,494.0,378.0,2599.0
PE01,1.000,56.00,37.00,0.00,36.00,15.00,0.00,3.000,4.000,0.00,119.0,82.00,0.00,7.000,7.000,0.00,325.0,293.0,1.000,1218.0,707.0,2911.0
PF01,1.000,37.00,38.00,0.00,24.00,16.00,0.00,1.000,0.00,0.00,59.00,36.00,1.000,28.00,25.00,1.000,958.0,793.0,0.00,166.0,79.00,2263.0
PM01,0.00,66.00,60.00,0.00,15.00,18.00,0.00,2.000,0.00,1.000,29.00,28.00,0.00,28.00,27.00,1.000,997.0,938.0,0.00,120.0,95.00,2425.0
PM02,2.000,37.00,56.00,0.00,13.00,9.000,0.00,0.00,1.000,0.00,19.00,19.00,0.00,21.00,15.00,1.000,1003.0,924.0,0.00,77.00,61.00,2258.0
PO01,1.000,57.00,54.00,0.00,32.00,21.00,0.00,0.00,1.000,0.00,31.00,30.00,0.00,37.00,36.00,0.00,1140.0,1103.0,0.00,77.00,62.00,2682.0
PP01,3.000,49.00,45.00,0.00,16.00,22.00,0.00,1.000,0.00,0.00,28.00,24.00,0.00,57.00,54.00,0.00,932.0,884.0,0.00,93.00,67.00,2275.0
PR01,0.00,43.00,26.00,0.00,18.00,11.00,0.00,0.00,0.00,0.00,43.00,32.00,0.00,24.00,18.00,0.00,697.0,632.0,0.00,141.0,98.00,1783.0
PS1A,3.000,41.00,38.00,0.00,16.00,11.00,0.00,0.00,0.00,0.00,48.00,37.00,0.00,15.00,9.000,1.000,662.0,523.0,2.000,782.0,508.0,2696.0
PS2A,3.000,32.00,17.00,0.00,19.00,15.00,0.00,0.00,0.00,0.00,60.00,38.00,0.00,8.000,5.000,1.000,302.0,211.0,0.00,819.0,442.0,1972.0
PS3A,1.000,36.00,30.00,0.00,22.00,11.00,0.00,2.000,1.000,0.00,47.00,28.00,0.00,15.00,10.00,0.00,442.0,356.0,1.000,744.0,431.0,2177.0
PT01,2.000,39.00,40.00,0.00,16.00,10.00,0.00,0.00,0.00,0.00,44.00,25.00,0.00,13.00,14.00,2.000,770.0,704.0,0.00,112.0,103.0,1894.0
RM01,1.000,56.00,54.00,0.00,24.00,18.00,0.00,0.00,1.000,0.00,38.00,27.00,0.00,59.00,42.00,3.000,986.0,908.0,2.000,103.0,100.0,2422.0
RS01,1.000,14.00,11.00,0.00,10.00,3.000,0.00,0.00,0.00,0.00,33.00,23.00,0.00,4.000,4.000,0.00,48.00,43.00,2.000,566.0,275.0,1037.0
RW01,2.000,85.00,80.00,0.00,40.00,28.00,0.00,0.00,0.00,0.00,46.00,34.00,0.00,52.00,49.00,1.000,1822.0,1743.0,0.00,75.00,71.00,4128.0
RW02,4.000,67.00,68.00,1.000,20.00,18.00,0.00,0.00,0.00,0.00,38.00,27.00,0.00,72.00,83.00,1.000,1187.0,1096.0,0.00,33.00,36.00,2751.0
SA01,1.000,45.00,45.00,0.00,26.00,25.00,0.00,3.000,3.000,0.00,41.00,31.00,0.00,57.00,52.00,3.000,822.0,701.0,0.00,122.0,90.00,2067.0
SF01,1.000,54.00,41.00,0.00,12.00,14.00,0.00,2.000,1.000,0.00,31.00,27.00,1.000,42.00,34.00,3.000,1089.0,1016.0,0.00,78.00,63.00,2509.0
SI01,0.00,24.00,46.00,0.00,14.00,8.000,0.00,0.00,0.00,0.00,18.00,8.000,0.00,42.00,36.00,1.000,619.0,522.0,0.00,39.00,29.00,1406.0
SM01,4.000,56.00,43.00,0.00,23.00,28.00,0.00,3.000,1.000,0.00,43.00,19.00,0.00,145.0,133.0,1.000,934.0,851.0,0.00,86.00,58.00,2428.0
SM03,1.000,80.00,66.00,0.00,29.00,25.00,0.00,0.00,1.000,0.00,70.00,38.00,0.00,26.00,30.00,2.000,961.0,857.0,0.00,417.0,213.0,2816.0
SN1A,2.000,65.00,59.00,0.00,31.00,23.00,0.00,1.000,3.000,1.000,80.00,49.00,0.00,22.00,19.00,0.00,458.0,414.0,0.00,681.0,342.0,2250.0
SN2A,3.000,81.00,75.00,0.00,50.00,7.000,0.00,2.000,1.000,0.00,84.00,56.00,1.000,44.00,31.00,1.000,820.0,608.0,0.00,902.0,457.0,3223.0
SN3A,4.000,89.00,65.00,0.00,29.00,23.00,0.00,3.000,1.000,0.00,74.00,55.00,0.00,44.00,41.00,1.000,1302.0,1089.0,3.000,737.0,416.0,3976.0
SN4A,4.000,80.00,70.00,0.00,22.00,34.00,0.00,3.000,0.00,0.00,67.00,31.00,0.00,45.00,49.00,2.000,1589.0,1309.0,1.000,557.0,326.0,4189.0
SN5A,3.000,40.00,46.00,0.00,27.00,19.00,0.00,2.000,2.000,0.00,104.0,78.00,0.00,32.00,22.00,0.00,582.0,501.0,0.00,478.0,263.0,2199.0
SN6A,5.000,82.00,92.00,0.00,50.00,35.00,0.00,4.000,1.000,2.000,56.00,39.00,0.00,67.00,71.00,1.000,1453.0,1268.0,0.00,602.0,321.0,4149.0
SN7A,1.000,108.0,104.0,0.00,56.00,33.00,0.00,1.000,2.000,0.00,78.00,46.00,0.00,117.0,96.00,2.000,1184.0,1005.0,5.000,881.0,567.0,4286.0
SO01,1.000,15.00,27.00,0.00,9.000,10.00,0.00,3.000,1.000,0.00,22.00,16.00,1.000,23.00,17.00,2.000,748.0,684.0,0.00,59.00,37.00,1675.0
SO02,0.00,88.00,71.00,0.00,30.00,29.00,0.00,3.000,4.000,1.000,46.00,36.00,0.00,61.00,56.00,4.000,1180.0,1160.0,0.00,211.0,155.0,3135.0
SO03,0.00,53.00,45.00,2.000,23.00,20.00,0.00,2.000,1.000,0.00,24.00,15.00,0.00,37.00,28.00,3.000,950.0,778.0,0.00,87.00,37.00,2105.0
SW01,2.000,40.00,27.00,0.00,20.00,9.000,0.00,1.000,0.00,0.00,38.00,30.00,0.00,7.000,3.000,0.00,540.0,490.0,1.000,541.0,357.0,2106.0
SW02,1.000,37.00,17.00,0.00,16.00,5.000,0.00,1.000,1.000,0.00,51.00,19.00,0.00,8.000,3.000,0.00,319.0,226.0,1.000,666.0,250.0,1621.0
TM01,2.000,65.00,61.00,0.00,52.00,27.00,0.00,3.000,3.000,0.00,89.00,56.00,0.00,31.00,32.00,1.000,844.0,673.0,0.00,764.0,418.0,3121.0
TR01,0.00,36.00,33.00,0.00,15.00,15.00,0.00,1.000,1.000,0.00,8.000,5.000,0.00,38.00,32.00,0.00,885.0,806.0,0.00,23.00,25.00,1923.0
VA01,2.000,50.00,36.00,0.00,13.00,8.000,0.00,2.000,3.000,0.00,18.00,20.00,0.00,17.00,8.000,0.00,971.0,942.0,0.00,122.0,87.00,2299.0
VG01,2.000,48.00,39.00,0.00,16.00,9.000,0.00,1.000,2.000,0.00,26.00,19.00,0.00,13.00,17.00,0.00,563.0,477.0,1.000,218.0,98.00,1549.0
VG02,2.000,115.0,87.00,2.000,53.00,17.00,0.00,2.000,2.000,1.000,53.00,54.00,0.00,53.00,30.00,0.00,1146.0,1009.0,0.00,753.0,382.0,3761.0
VG03,1.000,74.00,39.00,1.000,26.00,16.00,0.00,1.000,1.000,0.00,35.00,14.00,0.00,42.00,33.00,1.000,901.0,757.0,0.00,559.0,274.0,2775.0
VG04,2.000,40.00,31.00,0.00,17.00,13.00,0.00,2.000,1.000,0.00,21.00,13.00,0.00,14.00,13.00,1.000,1035.0,920.0,0.00,236.0,114.0,2473.0
WG02,0.00,91.00,70.00,0.00,31.00,26.00,0.00,1.000,1.000,0.00,80.00,52.00,0.00,33.00,33.00,1.000,1029.0,839.0,2.000,431.0,305.0,3025.0
WL01,1.000,42.00,42.00,0.00,11.00,16.00,0.00,1.000,1.000,2.000,23.00,13.00,0.00,29.00,27.00,1.000,970.0,928.0,0.00,46.00,44.00,2197.0
TOTAL,202.0,7383.0,6346.0,17.00,3345.0,2330.0,0.00,177.0,156.0,25.00,7150.0,4922.0,14.00,4290.0,3700.0,144.0,114269.0,100130.0,74.00,51199.0,30129.0,336002.0
