PRECINCT NAME,UNKNOWN,UNKNOWN FEMALE,UNKNOWN MALE,OTHER UNKNOWN,OTHER FEMALE,OTHER MALE,NATIVE-AM UNKNOWN,NATIVE-AM FEMALE,NATIVE-AM MALE,HISP-LT UNKNOWN,HISP-LT FEMALE,HISP-LT MALE,ASIA-PI UNKNOWN,ASIA-PI FEMALE,ASIA-PI MALE,WHITE UNKNOWN,WHITE FEMALE,WHITE MALE,BLACK UNKNOWN,BLACK FEMALE,BLACK MALE,TOTAL
88888,0.00,0.00,0.00,0.00,0.00,0.00,0.00,0.00,0.00,0.00,0.00,0.00,0.00,0.00,0.00,0.00,0.00,0.00,0.00,2.000,3.000,5.000
99999,0.00,0.00,0.00,0.00,0.00,0.00,0.00,0.00,0.00,0.00,0.00,0.00,0.00,0.00,0.00,0.00,0.00,0.00,0.00,2.000,0.00,2.000
AA,0.00,53.00,42.00,0.00,20.00,17.00,0.00,0.00,0.00,0.00,9.000,8.000,0.00,12.00,12.00,0.00,110.0,109.0,0.00,772.0,507.0,1671.0
AB,1.000,89.00,86.00,0.00,11.00,6.000,0.00,0.00,0.00,0.00,14.00,8.000,0.00,26.00,22.00,0.00,746.0,723.0,0.00,27.00,20.00,1779.0
AD,0.00,66.00,55.00,0.00,10.00,11.00,0.00,0.00,1.000,0.00,11.00,7.000,0.00,22.00,10.00,0.00,911.0,836.0,0.00,26.00,19.00,1985.0
AE,0.00,54.00,47.00,0.00,16.00,5.000,0.00,0.00,0.00,0.00,10.00,12.00,0.00,13.00,16.00,0.00,1081.0,801.0,0.00,106.0,66.00,2227.0
AF,0.00,37.00,23.00,0.00,8.000,3.000,0.00,0.00,0.00,0.00,9.000,5.000,0.00,2.000,5.000,0.00,64.00,56.00,0.00,646.0,350.0,1208.0
AG,1.000,75.00,86.00,0.00,18.00,12.00,0.00,2.000,0.00,0.00,17.00,21.00,0.00,33.00,24.00,0.00,865.0,807.0,0.00,129.0,69.00,2159.0
AH,0.00,127.0,108.0,0.00,28.00,26.00,0.00,5.000,0.00,0.00,38.00,21.00,0.00,102.0,75.00,0.00,872.0,725.0,0.00,180.0,104.0,2411.0
AI,0.00,79.00,70.00,0.00,25.00,22.00,0.00,1.000,0.00,0.00,17.00,13.00,0.00,20.00,10.00,0.00,822.0,604.0,0.00,344.0,178.0,2205.0
BB,0.00,154.0,118.0,0.00,17.00,11.00,0.00,1.000,0.00,0.00,23.00,16.00,0.00,29.00,17.00,0.00,916.0,795.0,0.00,609.0,331.0,3037.0
BC,0.00,96.00,96.00,0.00,16.00,12.00,0.00,1.000,0.00,0.00,17.00,27.00,0.00,28.00,19.00,0.00,695.0,789.0,0.00,66.00,66.00,1928.0
BD,1.000,31.00,31.00,0.00,5.000,4.000,0.00,0.00,0.00,0.00,16.00,12.00,0.00,30.00,26.00,0.00,599.0,517.0,0.00,29.00,20.00,1321.0
BE,0.00,75.00,72.00,0.00,14.00,13.00,0.00,1.000,2.000,0.00,30.00,36.00,0.00,35.00,45.00,0.00,523.0,484.0,0.00,95.00,86.00,1511.0
BF,0.00,62.00,45.00,0.00,16.00,7.000,0.00,0.00,1.000,0.00,21.00,19.00,0.00,25.00,21.00,0.00,512.0,414.0,1.000,350.0,205.0,1699.0
BG,0.00,85.00,86.00,0.00,23.00,18.00,0.00,1.000,2.000,0.00,39.00,28.00,0.00,26.00,22.00,0.00,816.0,688.0,0.00,147.0,69.00,2050.0
BH,0.00,61.00,42.00,0.00,21.00,15.00,0.00,3.000,2.000,0.00,25.00,20.00,0.00,31.00,32.00,0.00,575.0,478.0,0.00,220.0,122.0,1647.0
BI,0.00,118.0,117.0,0.00,19.00,9.000,0.00,2.000,0.00,0.00,32.00,28.00,0.00,29.00,22.00,0.00,982.0,905.0,0.00,67.00,51.00,2381.0
BJ,0.00,66.00,64.00,0.00,11.00,8.000,0.00,0.00,0.00,0.00,5.000,3.000,0.00,3.000,0.00,0.00,22.00,25.00,0.00,1347.0,891.0,2445.0
BL,0.00,36.00,37.00,0.00,5.000,6.000,0.00,0.00,0.00,0.00,4.000,2.000,0.00,4.000,2.000,0.00,18.00,20.00,0.00,635.0,422.0,1191.0
BM,0.00,80.00,48.00,0.00,16.00,9.000,0.00,0.00,0.00,0.00,8.000,8.000,0.00,7.000,16.00,0.00,27.00,24.00,0.00,1459.0,831.0,2533.0
BR,0.00,102.0,99.00,0.00,11.00,26.00,0.00,0.00,2.000,0.00,19.00,14.00,0.00,13.00,13.00,0.00,453.0,478.0,0.00,458.0,292.0,1980.0
CA,0.00,30.00,17.00,0.00,7.000,3.000,0.00,0.00,1.000,0.00,5.000,3.000,0.00,0.00,3.000,0.00,21.00,22.00,1.000,682.0,421.0,1216.0
CB,0.00,39.00,25.00,0.00,7.000,1.000,0.00,0.00,0.00,0.00,9.000,3.000,0.00,0.00,1.000,0.00,14.00,12.00,0.00,655.0,377.0,1143.0
CC,0.00,27.00,13.00,0.00,4.000,5.000,0.00,2.000,1.000,0.00,0.00,0.00,0.00,0.00,1.000,0.00,12.00,9.000,0.00,470.0,247.0,791.0
CD,0.00,74.00,48.00,0.00,5.000,8.000,0.00,2.000,0.00,0.00,5.000,2.000,0.00,3.000,3.000,0.00,27.00,25.00,0.00,1416.0,785.0,2403.0
CE,0.00,40.00,53.00,0.00,15.00,11.00,0.00,0.00,0.00,0.00,24.00,29.00,0.00,38.00,57.00,0.00,311.0,357.0,0.00,101.0,56.00,1092.0
CF,0.00,78.00,52.00,0.00,11.00,6.000,0.00,0.00,0.00,0.00,6.000,2.000,0.00,1.000,2.000,0.00,80.00,72.00,0.00,1027.0,559.0,1896.0
CG,0.00,59.00,43.00,0.00,22.00,4.000,0.00,0.00,0.00,0.00,2.000,2.000,0.00,1.000,3.000,0.00,11.00,16.00,0.00,1174.0,672.0,2009.0
CH,0.00,92.00,82.00,0.00,18.00,7.000,0.00,4.000,0.00,0.00,24.00,24.00,0.00,35.00,34.00,0.00,397.0,309.0,0.00,271.0,141.0,1438.0
CI,0.00,104.0,85.00,0.00,26.00,12.00,0.00,0.00,1.000,0.00,20.00,15.00,0.00,49.00,31.00,0.00,1115.0,801.0,0.00,164.0,72.00,2495.0
CJ,0.00,114.0,80.00,0.00,22.00,20.00,0.00,1.000,1.000,0.00,31.00,15.00,0.00,43.00,27.00,0.00,798.0,546.0,0.00,185.0,99.00,1982.0
CK,2.000,125.0,84.00,0.00,38.00,26.00,0.00,3.000,3.000,0.00,18.00,11.00,0.00,49.00,57.00,0.00,280.0,193.0,1.000,1182.0,711.0,2783.0
CL,0.00,29.00,14.00,0.00,5.000,0.00,0.00,0.00,0.00,0.00,1.000,3.000,0.00,1.000,3.000,0.00,14.00,18.00,0.00,568.0,326.0,982.0
CM,0.00,34.00,19.00,0.00,4.000,5.000,0.00,0.00,0.00,0.00,1.000,0.00,0.00,3.000,2.000,0.00,13.00,12.00,0.00,622.0,289.0,1004.0
CO,0.00,68.00,80.00,0.00,11.00,13.00,0.00,0.00,1.000,0.00,31.00,25.00,0.00,27.00,20.00,0.00,531.0,456.0,0.00,79.00,60.00,1402.0
CP,0.00,46.00,30.00,0.00,19.00,13.00,0.00,2.000,1.000,0.00,9.000,6.000,0.00,2.000,0.00,0.00,34.00,32.00,0.00,923.0,582.0,1699.0
CQ,0.00,47.00,45.00,0.00,20.00,10.00,0.00,4.000,0.00,0.00,9.000,4.000,0.00,5.000,0.00,0.00,207.0,152.0,0.00,776.0,377.0,1656.0
CR,0.00,20.00,13.00,0.00,6.000,3.000,0.00,0.00,0.00,0.00,1.000,1.000,0.00,3.000,0.00,0.00,8.000,5.000,0.00,508.0,294.0,862.0
CS,0.00,71.00,62.00,0.00,14.00,10.00,0.00,0.00,0.00,0.00,11.00,2.000,0.00,3.000,2.000,0.00,30.00,39.00,0.00,1328.0,801.0,2373.0
CT,0.00,8.000,8.000,0.00,7.000,3.000,0.00,1.000,0.00,0.00,8.000,4.000,0.00,0.00,0.00,0.00,12.00,18.00,0.00,163.0,162.0,394.0
CU,0.00,49.00,34.00,0.00,11.00,5.000,0.00,1.000,0.00,0.00,5.000,7.000,0.00,7.000,9.000,0.00,193.0,166.0,0.00,310.0,195.0,992.0
CV,0.00,82.00,88.00,0.00,19.00,12.00,0.00,0.00,1.000,0.00,25.00,23.00,0.00,42.00,30.00,1.000,1127.0,878.0,0.00,94.00,57.00,2479.0
CW,0.00,82.00,69.00,0.00,9.000,10.00,0.00,2.000,0.00,0.00,19.00,16.00,0.00,45.00,32.00,0.00,1113.0,897.0,0.00,53.00,63.00,2410.0
CZ,0.00,75.00,73.00,0.00,21.00,15.00,0.00,0.00,0.00,0.00,22.00,21.00,0.00,38.00,38.00,0.00,730.0,628.0,0.00,91.00,69.00,1821.0
DA,0.00,70.00,72.00,0.00,22.00,17.00,0.00,0.00,1.000,0.00,139.0,103.0,0.00,97.00,110.0,0.00,283.0,294.0,0.00,179.0,162.0,1549.0
DB,0.00,28.00,26.00,0.00,3.000,8.000,0.00,2.000,3.000,0.00,37.00,32.00,0.00,45.00,63.00,0.00,222.0,201.0,0.00,52.00,27.00,749.0
DC,0.00,132.0,126.0,0.00,33.00,33.00,0.00,4.000,2.000,0.00,101.0,110.0,0.00,71.00,112.0,0.00,734.0,831.0,0.00,290.0,237.0,2816.0
DE,0.00,39.00,30.00,0.00,7.000,7.000,0.00,1.000,0.00,0.00,8.000,8.000,0.00,18.00,14.00,0.00,96.00,99.00,0.00,511.0,337.0,1175.0
DF,0.00,123.0,123.0,0.00,20.00,15.00,0.00,1.000,0.00,0.00,21.00,30.00,0.00,55.00,47.00,0.00,636.0,592.0,0.00,187.0,88.00,1938.0
DG,0.00,36.00,41.00,0.00,5.000,8.000,0.00,0.00,1.000,0.00,11.00,7.000,0.00,30.00,26.00,0.00,721.0,641.0,0.00,13.00,16.00,1556.0
DH,3.000,76.00,66.00,0.00,40.00,24.00,0.00,5.000,3.000,0.00,37.00,29.00,1.000,109.0,59.00,1.000,762.0,638.0,0.00,80.00,49.00,1982.0
DI,0.00,62.00,67.00,0.00,10.00,2.000,0.00,0.00,0.00,0.00,9.000,11.00,0.00,28.00,31.00,0.00,922.0,782.0,0.00,18.00,11.00,1953.0
EA,0.00,96.00,78.00,0.00,10.00,8.000,0.00,1.000,0.00,0.00,19.00,15.00,0.00,15.00,7.000,0.00,538.0,456.0,0.00,795.0,414.0,2452.0
EC,0.00,42.00,45.00,0.00,16.00,16.00,0.00,1.000,2.000,0.00,43.00,33.00,0.00,34.00,22.00,0.00,515.0,453.0,0.00,101.0,71.00,1394.0
EE,1.000,141.0,120.0,0.00,24.00,20.00,0.00,1.000,0.00,0.00,30.00,21.00,0.00,40.00,19.00,0.00,1369.0,1154.0,0.00,72.00,64.00,3076.0
EF,1.000,74.00,67.00,0.00,21.00,9.000,0.00,0.00,2.000,0.00,37.00,34.00,0.00,51.00,45.00,0.00,623.0,475.0,0.00,284.0,153.0,1876.0
EG,0.00,120.0,116.0,0.00,18.00,12.00,0.00,1.000,2.000,0.00,28.00,21.00,0.00,46.00,39.00,0.00,1063.0,894.0,0.00,44.00,37.00,2441.0
ER,1.000,55.00,35.00,0.00,8.000,5.000,0.00,0.00,0.00,0.00,19.00,8.000,0.00,57.00,28.00,0.00,321.0,231.0,1.000,49.00,22.00,840.0
FA,0.00,92.00,51.00,0.00,16.00,12.00,0.00,0.00,1.000,0.00,5.000,5.000,0.00,2.000,1.000,0.00,24.00,13.00,0.00,1447.0,680.0,2349.0
FB,0.00,57.00,56.00,0.00,7.000,10.00,0.00,0.00,1.000,0.00,15.00,7.000,0.00,24.00,15.00,0.00,772.0,710.0,0.00,23.00,25.00,1722.0
FC,0.00,31.00,21.00,0.00,3.000,4.000,0.00,0.00,0.00,0.00,3.000,2.000,0.00,0.00,1.000,0.00,20.00,15.00,0.00,701.0,376.0,1177.0
FE,0.00,69.00,47.00,0.00,11.00,8.000,0.00,0.00,0.00,0.00,2.000,3.000,0.00,2.000,1.000,0.00,21.00,16.00,0.00,1257.0,762.0,2199.0
FG,0.00,67.00,44.00,0.00,13.00,8.000,0.00,2.000,0.00,0.00,4.000,0.00,0.00,0.00,1.000,0.00,23.00,14.00,1.000,1081.0,558.0,1816.0
FJ,0.00,29.00,17.00,0.00,9.000,2.000,0.00,1.000,0.00,0.00,6.000,5.000,0.00,1.000,0.00,0.00,14.00,9.000,0.00,669.0,399.0,1161.0
FK,0.00,38.00,25.00,0.00,6.000,4.000,0.00,0.00,0.00,0.00,1.000,2.000,0.00,0.00,0.00,0.00,15.00,12.00,0.00,707.0,374.0,1184.0
FL,0.00,39.00,19.00,0.00,4.000,4.000,0.00,2.000,0.00,0.00,4.000,4.000,0.00,1.000,0.00,0.00,17.00,10.00,0.00,790.0,364.0,1258.0
FM,2.000,44.00,52.00,0.00,11.00,4.000,0.00,1.000,0.00,0.00,21.00,14.00,0.00,9.000,8.000,0.00,107.0,89.00,0.00,866.0,512.0,1740.0
GA,1.000,57.00,56.00,0.00,27.00,8.000,0.00,1.000,0.00,0.00,22.00,12.00,0.00,32.00,5.000,0.00,650.0,434.0,0.00,183.0,46.00,1534.0
GB,0.00,21.00,19.00,0.00,15.00,4.000,0.00,0.00,0.00,0.00,5.000,2.000,0.00,10.00,11.00,0.00,45.00,47.00,0.00,455.0,293.0,927.0
GC,0.00,79.00,67.00,0.00,15.00,5.000,0.00,1.000,0.00,0.00,14.00,9.000,0.00,10.00,5.000,0.00,207.0,201.0,0.00,858.0,486.0,1957.0
GD,0.00,139.0,109.0,0.00,29.00,13.00,0.00,1.000,1.000,0.00,38.00,27.00,0.00,41.00,30.00,0.00,786.0,651.0,0.00,306.0,174.0,2345.0
GF,0.00,36.00,22.00,0.00,8.000,3.000,0.00,0.00,0.00,0.00,3.000,2.000,0.00,3.000,1.000,0.00,30.00,32.00,0.00,622.0,295.0,1057.0
HA,1.000,50.00,46.00,0.00,32.00,9.000,0.00,3.000,0.00,0.00,11.00,5.000,0.00,45.00,51.00,0.00,144.0,104.0,0.00,849.0,565.0,1915.0
HB,0.00,107.0,94.00,0.00,34.00,18.00,0.00,2.000,1.000,0.00,42.00,28.00,0.00,32.00,29.00,0.00,688.0,655.0,0.00,423.0,270.0,2423.0
HC,1.000,68.00,61.00,0.00,25.00,15.00,0.00,1.000,0.00,0.00,35.00,36.00,0.00,48.00,45.00,0.00,771.0,671.0,0.00,222.0,131.0,2130.0
HF,1.000,97.00,76.00,0.00,29.00,13.00,0.00,3.000,5.000,0.00,33.00,21.00,0.00,60.00,43.00,0.00,518.0,466.0,0.00,400.0,214.0,1979.0
HG,0.00,28.00,44.00,0.00,14.00,17.00,0.00,2.000,0.00,0.00,10.00,6.000,0.00,26.00,19.00,0.00,429.0,397.0,0.00,196.0,170.0,1358.0
HH,1.000,72.00,39.00,0.00,14.00,7.000,0.00,0.00,0.00,0.00,4.000,2.000,0.00,2.000,2.000,0.00,10.00,18.00,0.00,1358.0,776.0,2305.0
HI,0.00,70.00,66.00,0.00,12.00,12.00,0.00,1.000,0.00,0.00,27.00,18.00,0.00,46.00,35.00,0.00,383.0,371.0,0.00,155.0,83.00,1279.0
IA,0.00,32.00,44.00,0.00,8.000,16.00,0.00,2.000,1.000,0.00,15.00,14.00,0.00,37.00,32.00,0.00,245.0,173.0,0.00,428.0,241.0,1288.0
IB,1.000,35.00,37.00,0.00,10.00,13.00,0.00,0.00,2.000,0.00,7.000,5.000,0.00,37.00,41.00,0.00,133.0,128.0,0.00,356.0,233.0,1038.0
JA,0.00,34.00,37.00,0.00,4.000,2.000,0.00,1.000,1.000,0.00,7.000,3.000,0.00,11.00,8.000,0.00,423.0,392.0,0.00,11.00,12.00,946.0
JB,3.000,68.00,54.00,0.00,21.00,27.00,0.00,1.000,1.000,0.00,6.000,8.000,0.00,64.00,61.00,0.00,259.0,176.0,0.00,552.0,442.0,1743.0
KA,0.00,48.00,30.00,0.00,6.000,6.000,0.00,0.00,0.00,0.00,4.000,5.000,0.00,1.000,1.000,0.00,44.00,45.00,0.00,909.0,485.0,1584.0
KB,1.000,64.00,51.00,0.00,8.000,8.000,0.00,0.00,0.00,0.00,21.00,9.000,0.00,26.00,20.00,0.00,905.0,753.0,0.00,23.00,22.00,1911.0
KC,0.00,14.00,15.00,0.00,1.000,1.000,0.00,0.00,0.00,0.00,0.00,0.00,0.00,0.00,0.00,0.00,16.00,13.00,0.00,485.0,320.0,865.0
KD,0.00,75.00,77.00,0.00,27.00,10.00,0.00,1.000,0.00,0.00,4.000,3.000,0.00,2.000,3.000,0.00,20.00,22.00,0.00,1604.0,1070.0,2918.0
KE,0.00,40.00,36.00,0.00,11.00,5.000,0.00,0.00,0.00,0.00,8.000,6.000,0.00,3.000,1.000,0.00,127.0,87.00,0.00,656.0,333.0,1313.0
KG,0.00,47.00,66.00,0.00,5.000,10.00,0.00,0.00,0.00,0.00,15.00,12.00,0.00,20.00,18.00,0.00,723.0,624.0,0.00,43.00,40.00,1623.0
LA,0.00,67.00,78.00,0.00,16.00,7.000,0.00,1.000,1.000,0.00,23.00,7.000,0.00,50.00,50.00,0.00,1030.0,926.0,0.00,60.00,62.00,2378.0
LB,0.00,82.00,70.00,0.00,12.00,14.00,0.00,0.00,2.000,0.00,12.00,12.00,0.00,27.00,15.00,0.00,631.0,566.0,0.00,44.00,17.00,1504.0
LC,0.00,117.0,114.0,0.00,20.00,15.00,0.00,2.000,1.000,0.00,31.00,34.00,0.00,37.00,32.00,0.00,574.0,644.0,0.00,184.0,165.0,1970.0
LD,0.00,11.00,10.00,0.00,8.000,1.000,0.00,0.00,0.00,0.00,12.00,6.000,0.00,0.00,0.00,0.00,31.00,18.00,0.00,426.0,163.0,686.0
LE,0.00,124.0,94.00,0.00,18.00,9.000,0.00,0.00,0.00,0.00,34.00,16.00,0.00,32.00,21.00,0.00,955.0,836.0,0.00,49.00,44.00,2232.0
LH,0.00,55.00,35.00,0.00,19.00,11.00,0.00,3.000,0.00,0.00,8.000,1.000,0.00,2.000,0.00,0.00,14.00,9.000,0.00,1010.0,509.0,1676.0
LV,0.00,37.00,33.00,0.00,13.00,4.000,0.00,0.00,0.00,0.00,16.00,17.00,0.00,27.00,25.00,0.00,463.0,412.0,0.00,43.00,38.00,1128.0
MA,0.00,58.00,27.00,0.00,16.00,8.000,0.00,2.000,0.00,0.00,16.00,12.00,0.00,4.000,0.00,0.00,43.00,43.00,0.00,1039.0,591.0,1859.0
MB,0.00,102.0,112.0,0.00,20.00,16.00,1.000,0.00,0.00,0.00,20.00,21.00,0.00,9.000,6.000,0.00,356.0,370.0,0.00,811.0,452.0,2296.0
MC,0.00,78.00,49.00,0.00,17.00,8.000,0.00,1.000,0.00,0.00,9.000,4.000,0.00,1.000,1.000,0.00,19.00,5.000,1.000,1476.0,729.0,2398.0
MD,0.00,46.00,41.00,0.00,3.000,4.000,0.00,0.00,0.00,0.00,4.000,5.000,0.00,3.000,7.000,0.00,118.0,83.00,0.00,605.0,387.0,1306.0
ME,0.00,58.00,56.00,0.00,13.00,11.00,0.00,3.000,3.000,0.00,21.00,9.000,0.00,33.00,31.00,0.00,503.0,368.0,0.00,215.0,133.0,1457.0
MF,0.00,39.00,29.00,0.00,7.000,2.000,0.00,0.00,0.00,0.00,3.000,1.000,0.00,3.000,3.000,0.00,20.00,8.000,0.00,846.0,486.0,1447.0
MG,0.00,62.00,49.00,0.00,23.00,10.00,0.00,1.000,0.00,0.00,20.00,18.00,0.00,24.00,22.00,0.00,783.0,563.0,0.00,53.00,33.00,1661.0
MH,0.00,51.00,34.00,0.00,8.000,11.00,0.00,0.00,0.00,0.00,13.00,9.000,0.00,41.00,30.00,0.00,683.0,604.0,0.00,46.00,42.00,1572.0
MI,0.00,79.00,48.00,0.00,18.00,10.00,0.00,0.00,2.000,0.00,8.000,4.000,0.00,5.000,3.000,0.00,20.00,16.00,0.00,1303.0,594.0,2110.0
MJ,1.000,82.00,64.00,0.00,14.00,12.00,0.00,0.00,0.00,0.00,37.00,25.00,0.00,34.00,38.00,0.00,168.0,193.0,0.00,297.0,218.0,1183.0
MK,0.00,47.00,32.00,0.00,14.00,12.00,0.00,1.000,0.00,0.00,20.00,10.00,0.00,25.00,22.00,0.00,351.0,279.0,0.00,206.0,104.0,1123.0
ML,0.00,64.00,42.00,0.00,12.00,4.000,0.00,0.00,0.00,0.00,7.000,5.000,0.00,2.000,1.000,0.00,80.00,82.00,0.00,975.0,622.0,1896.0
MN,0.00,50.00,41.00,0.00,12.00,9.000,0.00,3.000,0.00,0.00,8.000,3.000,0.00,15.00,14.00,0.00,55.00,57.00,0.00,652.0,380.0,1299.0
MO,0.00,57.00,25.00,0.00,7.000,11.00,0.00,2.000,1.000,0.00,8.000,10.00,0.00,1.000,2.000,0.00,197.0,130.0,0.00,653.0,352.0,1456.0
MP,0.00,35.00,53.00,0.00,11.00,6.000,0.00,2.000,0.00,0.00,4.000,4.000,0.00,4.000,6.000,0.00,195.0,133.0,0.00,481.0,289.0,1223.0
MQ,0.00,66.00,58.00,0.00,9.000,11.00,0.00,0.00,2.000,0.00,13.00,7.000,0.00,36.00,29.00,0.00,870.0,788.0,0.00,38.00,37.00,1964.0
MR,0.00,39.00,24.00,0.00,11.00,6.000,0.00,0.00,0.00,0.00,5.000,2.000,0.00,1.000,1.000,0.00,51.00,45.00,0.00,993.0,647.0,1825.0
MS,0.00,68.00,67.00,0.00,9.000,7.000,0.00,0.00,1.000,0.00,16.00,14.00,0.00,33.00,28.00,0.00,736.0,635.0,0.00,37.00,21.00,1672.0
MT,0.00,100.0,89.00,0.00,20.00,11.00,0.00,0.00,0.00,0.00,17.00,9.000,0.00,10.00,11.00,0.00,510.0,485.0,0.00,439.0,272.0,1973.0
MU,0.00,79.00,68.00,0.00,19.00,17.00,0.00,2.000,1.000,0.00,14.00,15.00,0.00,38.00,25.00,0.00,735.0,654.0,0.00,60.00,33.00,1760.0
MV,0.00,22.00,28.00,0.00,11.00,4.000,0.00,0.00,0.00,0.00,2.000,1.000,0.00,1.000,0.00,0.00,12.00,16.00,0.00,793.0,527.0,1417.0
MW,0.00,76.00,64.00,0.00,18.00,9.000,0.00,2.000,0.00,0.00,31.00,27.00,0.00,52.00,41.00,0.00,659.0,501.0,0.00,366.0,166.0,2012.0
MZ,0.00,49.00,31.00,0.00,15.00,7.000,0.00,0.00,0.00,0.00,6.000,3.000,0.00,2.000,2.000,0.00,7.000,9.000,0.00,1014.0,395.0,1540.0
NB,2.000,54.00,45.00,0.00,10.00,6.000,0.00,3.000,0.00,0.00,10.00,8.000,0.00,29.00,17.00,0.00,358.0,253.0,0.00,203.0,101.0,1099.0
NC,0.00,38.00,26.00,0.00,16.00,6.000,0.00,0.00,0.00,0.00,6.000,6.000,0.00,18.00,14.00,0.00,118.0,113.0,0.00,557.0,325.0,1243.0
ND,0.00,38.00,29.00,0.00,12.00,10.00,0.00,0.00,0.00,0.00,7.000,8.000,0.00,24.00,27.00,0.00,508.0,374.0,0.00,37.00,31.00,1105.0
NF,1.000,50.00,40.00,0.00,9.000,8.000,0.00,1.000,0.00,1.000,50.00,38.00,0.00,28.00,25.00,0.00,328.0,298.0,0.00,136.0,94.00,1107.0
OA,0.00,49.00,60.00,0.00,18.00,18.00,0.00,0.00,0.00,0.00,16.00,18.00,0.00,62.00,52.00,0.00,644.0,638.0,0.00,55.00,40.00,1670.0
OB,0.00,43.00,51.00,0.00,18.00,10.00,0.00,0.00,1.000,0.00,112.0,65.00,0.00,88.00,103.0,0.00,159.0,172.0,0.00,99.00,88.00,1009.0
OK,0.00,86.00,83.00,0.00,14.00,15.00,0.00,1.000,0.00,0.00,17.00,13.00,0.00,21.00,17.00,0.00,791.0,668.0,0.00,316.0,168.0,2210.0
OV,0.00,87.00,58.00,0.00,17.00,5.000,0.00,0.00,0.00,0.00,9.000,4.000,0.00,2.000,0.00,0.00,18.00,14.00,0.00,1625.0,828.0,2667.0
PA,0.00,34.00,28.00,0.00,9.000,3.000,0.00,0.00,0.00,0.00,5.000,16.00,0.00,5.000,0.00,0.00,132.0,85.00,0.00,546.0,265.0,1128.0
PB,0.00,149.0,95.00,0.00,28.00,18.00,0.00,0.00,1.000,0.00,52.00,28.00,0.00,50.00,44.00,0.00,643.0,413.0,0.00,436.0,188.0,2145.0
PC,0.00,42.00,34.00,0.00,12.00,0.00,0.00,2.000,0.00,0.00,8.000,5.000,0.00,0.00,0.00,0.00,18.00,17.00,0.00,779.0,471.0,1388.0
PE,0.00,11.00,11.00,0.00,9.000,3.000,0.00,1.000,0.00,0.00,3.000,3.000,0.00,1.000,0.00,0.00,229.0,108.0,0.00,39.00,13.00,431.0
PF,1.000,102.0,82.00,0.00,30.00,23.00,0.00,1.000,2.000,0.00,89.00,49.00,0.00,34.00,32.00,0.00,315.0,292.0,0.00,623.0,421.0,2096.0
PG,0.00,63.00,49.00,0.00,27.00,9.000,0.00,0.00,1.000,0.00,13.00,12.00,0.00,17.00,12.00,0.00,699.0,508.0,0.00,259.0,112.0,1781.0
PH,0.00,28.00,22.00,0.00,5.000,6.000,0.00,0.00,0.00,0.00,10.00,1.000,0.00,2.000,1.000,0.00,28.00,15.00,0.00,456.0,332.0,906.0
PI,0.00,27.00,19.00,0.00,7.000,2.000,0.00,0.00,0.00,0.00,4.000,5.000,0.00,0.00,0.00,0.00,17.00,19.00,0.00,618.0,321.0,1039.0
PN,0.00,42.00,28.00,0.00,11.00,5.000,0.00,0.00,0.00,0.00,4.000,5.000,0.00,4.000,3.000,0.00,138.0,148.0,0.00,412.0,214.0,1014.0
PR,0.00,43.00,23.00,0.00,9.000,4.000,0.00,0.00,0.00,0.00,6.000,1.000,0.00,2.000,0.00,0.00,6.000,7.000,0.00,786.0,330.0,1217.0
RA,0.00,63.00,43.00,0.00,15.00,13.00,0.00,2.000,1.000,0.00,4.000,2.000,0.00,4.000,2.000,0.00,32.00,33.00,0.00,1345.0,731.0,2290.0
RC,0.00,64.00,41.00,0.00,14.00,8.000,0.00,0.00,0.00,0.00,9.000,6.000,0.00,3.000,1.000,0.00,14.00,11.00,0.00,1021.0,622.0,1814.0
RD,0.00,58.00,39.00,0.00,18.00,9.000,0.00,2.000,2.000,0.00,24.00,22.00,0.00,29.00,23.00,0.00,602.0,488.0,0.00,132.0,85.00,1533.0
RE,1.000,58.00,34.00,0.00,15.00,2.000,0.00,2.000,1.000,0.00,17.00,2.000,0.00,6.000,7.000,0.00,136.0,101.0,0.00,894.0,456.0,1732.0
RF,0.00,67.00,32.00,0.00,10.00,0.00,0.00,0.00,0.00,0.00,8.000,6.000,0.00,3.000,2.000,0.00,26.00,20.00,0.00,907.0,539.0,1620.0
RG,0.00,57.00,40.00,0.00,18.00,8.000,0.00,1.000,1.000,0.00,17.00,13.00,0.00,6.000,7.000,0.00,83.00,60.00,0.00,942.0,494.0,1747.0
RH,1.000,68.00,39.00,0.00,11.00,8.000,0.00,0.00,1.000,0.00,7.000,1.000,0.00,1.000,2.000,0.00,21.00,22.00,0.00,1321.0,677.0,2180.0
RI,0.00,79.00,34.00,0.00,24.00,9.000,0.00,0.00,0.00,0.00,11.00,4.000,0.00,4.000,1.000,0.00,53.00,50.00,0.00,1212.0,834.0,2315.0
RJ,0.00,36.00,28.00,0.00,13.00,8.000,0.00,0.00,2.000,0.00,2.000,2.000,0.00,9.000,9.000,0.00,71.00,74.00,0.00,555.0,384.0,1193.0
RK,0.00,44.00,31.00,0.00,6.000,4.000,0.00,3.000,0.00,0.00,4.000,3.000,0.00,1.000,1.000,0.00,29.00,20.00,0.00,895.0,496.0,1537.0
RL,0.00,87.00,52.00,0.00,12.00,8.000,0.00,1.000,0.00,0.00,8.000,7.000,0.00,11.00,1.000,0.00,85.00,73.00,0.00,1174.0,714.0,2233.0
RM,0.00,57.00,23.00,0.00,10.00,7.000,0.00,1.000,0.00,0.00,2.000,1.000,0.00,5.000,3.000,0.00,49.00,24.00,0.00,814.0,483.0,1479.0
RN,0.00,57.00,41.00,0.00,7.000,2.000,0.00,1.000,0.00,0.00,13.00,6.000,0.00,13.00,7.000,0.00,468.0,387.0,0.00,178.0,79.00,1259.0
SA,0.00,62.00,62.00,0.00,10.00,12.00,0.00,0.00,0.00,0.00,15.00,21.00,0.00,59.00,38.00,2.000,1045.0,893.0,0.00,42.00,33.00,2294.0
SB,0.00,75.00,66.00,0.00,14.00,8.000,0.00,1.000,1.000,0.00,21.00,10.00,0.00,29.00,20.00,0.00,737.0,603.0,0.00,94.00,74.00,1753.0
SC,0.00,89.00,52.00,0.00,29.00,13.00,0.00,2.000,3.000,0.00,32.00,25.00,0.00,17.00,23.00,0.00,497.0,403.0,0.00,588.0,323.0,2096.0
SD,0.00,35.00,43.00,0.00,11.00,8.000,0.00,0.00,0.00,0.00,9.000,4.000,0.00,6.000,2.000,0.00,371.0,234.0,0.00,491.0,278.0,1492.0
SE,0.00,143.0,140.0,0.00,26.00,29.00,0.00,2.000,4.000,0.00,51.00,30.00,0.00,49.00,26.00,0.00,1258.0,1119.0,0.00,159.0,108.0,3144.0
SF,0.00,62.00,53.00,0.00,13.00,8.000,0.00,0.00,1.000,0.00,24.00,19.00,0.00,25.00,26.00,0.00,506.0,515.0,0.00,31.00,33.00,1316.0
SG,0.00,24.00,20.00,0.00,3.000,2.000,0.00,0.00,0.00,0.00,7.000,6.000,0.00,2.000,0.00,0.00,32.00,26.00,0.00,643.0,405.0,1170.0
SH,0.00,50.00,48.00,0.00,11.00,6.000,0.00,0.00,2.000,0.00,6.000,7.000,0.00,18.00,20.00,0.00,514.0,466.0,0.00,241.0,188.0,1577.0
SI,0.00,34.00,23.00,0.00,13.00,7.000,0.00,0.00,0.00,0.00,12.00,5.000,0.00,6.000,13.00,0.00,83.00,68.00,0.00,609.0,313.0,1186.0
SJ,0.00,56.00,38.00,0.00,11.00,7.000,0.00,1.000,1.000,0.00,17.00,10.00,0.00,8.000,5.000,0.00,59.00,65.00,0.00,720.0,372.0,1370.0
SK,0.00,76.00,54.00,0.00,27.00,12.00,0.00,1.000,1.000,0.00,2.000,5.000,0.00,9.000,7.000,0.00,40.00,28.00,0.00,1483.0,907.0,2652.0
SL,0.00,23.00,19.00,0.00,10.00,3.000,0.00,1.000,0.00,0.00,10.00,1.000,0.00,0.00,0.00,0.00,29.00,24.00,0.00,511.0,204.0,835.0
SM,0.00,83.00,44.00,0.00,7.000,9.000,0.00,0.00,0.00,0.00,4.000,1.000,0.00,1.000,0.00,0.00,21.00,12.00,0.00,1294.0,805.0,2281.0
SN,0.00,53.00,35.00,0.00,16.00,13.00,0.00,1.000,1.000,0.00,9.000,5.000,0.00,32.00,29.00,0.00,485.0,405.0,0.00,61.00,33.00,1178.0
SO,1.000,55.00,35.00,0.00,16.00,11.00,0.00,1.000,0.00,0.00,12.00,3.000,0.00,5.000,1.000,0.00,24.00,21.00,0.00,1233.0,601.0,2019.0
SP,0.00,45.00,33.00,0.00,14.00,13.00,0.00,2.000,2.000,0.00,14.00,3.000,0.00,6.000,5.000,0.00,99.00,80.00,0.00,758.0,387.0,1461.0
SQ,0.00,23.00,15.00,0.00,3.000,6.000,0.00,0.00,0.00,0.00,3.000,5.000,0.00,1.000,1.000,0.00,147.0,118.0,0.00,353.0,163.0,838.0
SR,0.00,38.00,25.00,0.00,2.000,5.000,0.00,0.00,0.00,0.00,4.000,3.000,0.00,3.000,2.000,0.00,40.00,29.00,0.00,737.0,388.0,1276.0
SS,0.00,24.00,25.00,0.00,10.00,3.000,0.00,0.00,0.00,0.00,2.000,0.00,0.00,1.000,0.00,0.00,27.00,20.00,0.00,705.0,447.0,1264.0
ST,1.000,72.00,54.00,0.00,25.00,11.00,0.00,1.000,1.000,0.00,11.00,8.000,0.00,4.000,2.000,0.00,64.00,56.00,0.00,1161.0,760.0,2231.0
SU,0.00,58.00,40.00,0.00,14.00,12.00,0.00,0.00,1.000,0.00,10.00,3.000,0.00,3.000,0.00,0.00,45.00,40.00,0.00,1135.0,663.0,2024.0
SV,1.000,56.00,48.00,0.00,21.00,8.000,0.00,0.00,0.00,0.00,1.000,5.000,0.00,4.000,7.000,0.00,57.00,49.00,0.00,1097.0,706.0,2060.0
TA,0.00,65.00,45.00,0.00,14.00,6.000,0.00,0.00,0.00,0.00,12.00,9.000,0.00,4.000,4.000,0.00,114.0,129.0,0.00,733.0,376.0,1511.0
TC,0.00,32.00,16.00,0.00,3.000,6.000,0.00,1.000,0.00,0.00,4.000,0.00,0.00,0.00,0.00,0.00,29.00,23.00,0.00,547.0,315.0,976.0
TF,0.00,77.00,58.00,0.00,17.00,15.00,0.00,1.000,1.000,0.00,41.00,26.00,0.00,42.00,29.00,0.00,891.0,794.0,0.00,127.0,85.00,2204.0
TG,0.00,43.00,44.00,0.00,12.00,12.00,0.00,0.00,0.00,0.00,14.00,9.000,0.00,19.00,9.000,0.00,540.0,447.0,0.00,15.00,17.00,1181.0
TH,1.000,70.00,66.00,0.00,22.00,9.000,0.00,0.00,0.00,0.00,31.00,17.00,0.00,34.00,42.00,0.00,586.0,460.0,0.00,302.0,143.0,1783.0
VB,0.00,32.00,29.00,0.00,10.00,8.000,0.00,0.00,1.000,0.00,8.000,7.000,0.00,22.00,10.00,0.00,237.0,208.0,0.00,62.00,37.00,671.0
WA,0.00,48.00,21.00,0.00,6.000,3.000,0.00,0.00,0.00,0.00,3.000,2.000,0.00,3.000,1.000,0.00,54.00,37.00,0.00,941.0,514.0,1633.0
WB,0.00,51.00,35.00,0.00,10.00,6.000,0.00,1.000,0.00,0.00,7.000,2.000,0.00,1.000,0.00,0.00,19.00,12.00,0.00,1131.0,688.0,1963.0
WC,0.00,129.0,131.0,0.00,24.00,24.00,0.00,0.00,1.000,0.00,25.00,24.00,0.00,29.00,10.00,0.00,515.0,556.0,0.00,614.0,274.0,2356.0
WD,2.000,119.0,72.00,0.00,33.00,14.00,0.00,0.00,0.00,0.00,8.000,8.000,0.00,1.000,2.000,0.00,63.00,50.00,0.00,2017.0,982.0,3371.0
WF,0.00,41.00,38.00,0.00,21.00,14.00,0.00,1.000,0.00,0.00,10.00,12.00,0.00,24.00,6.000,0.00,658.0,533.0,0.00,109.0,65.00,1532.0
WG,1.000,59.00,40.00,0.00,22.00,8.000,0.00,0.00,1.000,0.00,11.00,7.000,0.00,6.000,9.000,0.00,72.00,40.00,0.00,1119.0,598.0,1993.0
WI,0.00,37.00,31.00,0.00,6.000,9.000,0.00,0.00,1.000,0.00,14.00,21.00,0.00,15.00,15.00,0.00,265.0,254.0,0.00,105.0,67.00,840.0
WJ,0.00,94.00,80.00,0.00,28.00,13.00,0.00,1.000,1.000,0.00,20.00,19.00,0.00,35.00,38.00,0.00,390.0,398.0,0.00,194.0,151.0,1462.0
WK,0.00,52.00,35.00,0.00,18.00,8.000,0.00,0.00,0.00,0.00,8.000,5.000,0.00,3.000,1.000,0.00,19.00,19.00,0.00,809.0,463.0,1440.0
WL,0.00,30.00,32.00,0.00,7.000,8.000,0.00,0.00,0.00,0.00,16.00,10.00,0.00,34.00,16.00,0.00,441.0,407.0,0.00,44.00,33.00,1078.0
WN,0.00,79.00,59.00,0.00,24.00,10.00,0.00,0.00,0.00,0.00,11.00,5.000,0.00,6.000,3.000,0.00,79.00,66.00,0.00,1146.0,785.0,2273.0
YA,0.00,27.00,21.00,0.00,12.00,2.000,0.00,0.00,0.00,0.00,10.00,7.000,0.00,0.00,0.00,0.00,22.00,23.00,0.00,684.0,405.0,1213.0
TOTAL,37.00,11782.0,9629.0,0.00,2745.0,1789.0,1.000,147.0,101.0,1.000,3095.0,2303.0,1.000,3776.0,3175.0,4.000,64922.0,55743.0,6.000,101299.0,58189.0,318745.0
