COUNTY NAME,UNKNOWN,UNKNOWN FEMALE,UNKNOWN MALE,OTHER UNKNOWN,OTHER FEMALE,OTHER MALE,NATIVE-AM UNKNOWN,NATIVE-AM FEMALE,NATIVE-AM MALE,HISP-LT UNKNOWN,HISP-LT FEMALE,HISP-LT MALE,ASIA-PI UNKNOWN,ASIA-PI FEMALE,ASIA-PI MALE,WHITE UNKNOWN,WHITE FEMALE,WHITE MALE,BLACK UNKNOWN,BLACK FEMALE,BLACK MALE,TOTAL
CLAYTON,18.0,2657.0,2425.0,1.0,484.0,358.0,0.0,20.0,19.0,2.0,989.0,851.0,12.0,1022.0,1158.0,1.0,4204.0,3382.0,16.0,23506.0,16891.0,58016.0
DEKALB,3.0,5553.0,5730.0,0.0,979.0,765.0,0.0,44.0,35.0,0.0,922.0,756.0,0.0,1153.0,861.0,0.0,24825.0,22652.0,0.0,34923.0,25470.0,124671.0
DOUGLAS,0.0,0.0,0.0,0.0,0.0,0.0,0.0,0.0,0.0,0.0,0.0,0.0,0.0,0.0,0.0,0.0,0.0,0.0,0.0,1.0,0.0,1.0
FULTON,242.0,23428.0,24099.0,4.0,2685.0,2347.0,1.0,92.0,76.0,8.0,2278.0,2285.0,9.0,2113.0,2002.0,84.0,47627.0,50005.0,103.0,102690.0,80425.0,342603.0
TOTAL,263.0,31638.0,32254.0,5.0,4148.0,3470.0,1.0,156.0,130.0,10.0,4189.0,3892.0,21.0,4288.0,4021.0,85.0,76656.0,76039.0,119.0,161120.0,122786.0,525291.0
