COUNTY NAME,UNKNOWN,UNKNOWN FEMALE,UNKNOWN MALE,OTHER UNKNOWN,OTHER FEMALE,OTHER MALE,NATIVE-AM UNKNOWN,NATIVE-AM FEMALE,NATIVE-AM MALE,HISP-LT UNKNOWN,HISP-LT FEMALE,HISP-LT MALE,ASIA-PI UNKNOWN,ASIA-PI FEMALE,ASIA-PI MALE,WHITE UNKNOWN,WHITE FEMALE,WHITE MALE,BLACK UNKNOWN,BLACK FEMALE,BLACK MALE,TOTAL
APPLING,0.00,25.00,20.00,0.00,5.00,1.00,0.00,0.00,0.00,0.00,10.00,13.00,0.00,3.00,1.00,0.00,2212.0,2015.0,0.00,322.0,184.0,4811.0
ATKINSON,0.00,0.00,0.00,0.00,0.00,0.00,0.00,0.00,0.00,0.00,0.00,0.00,0.00,0.00,0.00,0.00,70.00,73.00,0.00,28.00,18.00,189.0
BACON,0.00,39.00,35.00,0.00,0.00,1.00,0.00,0.00,1.00,0.00,3.00,5.00,0.00,0.00,2.00,0.00,1200.0,1128.0,0.00,135.0,59.00,2608.0
BAKER,0.00,6.00,4.00,0.00,2.00,1.00,0.00,0.00,0.00,0.00,1.00,2.00,0.00,1.00,1.00,0.00,352.0,347.0,0.00,303.0,193.0,1213.0
BALDWIN,0.00,42.00,35.00,0.00,4.00,5.00,0.00,0.00,0.00,0.00,7.00,6.00,0.00,10.00,7.00,0.00,1976.0,1773.0,0.00,1530.0,815.0,6210.0
BANKS,0.00,34.00,24.00,0.00,2.00,5.00,0.00,0.00,1.00,0.00,3.00,4.00,0.00,1.00,3.00,0.00,1533.0,1514.0,0.00,9.00,14.00,3147.0
BARROW,1.00,106.0,88.00,0.00,6.00,4.00,0.00,0.00,0.00,0.00,16.00,16.00,0.00,14.00,6.00,2.00,2622.0,2355.0,0.00,204.0,135.0,5575.0
BARTOW,1.00,207.0,210.0,0.00,10.00,10.00,0.00,1.00,3.00,0.00,24.00,18.00,0.00,5.00,11.00,2.00,4699.0,4831.0,0.00,206.0,153.0,10391.0
BEN HILL,0.00,12.00,8.00,0.00,2.00,2.00,0.00,0.00,0.00,0.00,3.00,1.00,0.00,4.00,0.00,0.00,721.0,732.0,0.00,386.0,194.0,2065.0
BERRIEN,0.00,16.00,17.00,0.00,2.00,3.00,0.00,1.00,0.00,0.00,7.00,2.00,0.00,2.00,0.00,0.00,1088.0,1073.0,0.00,108.0,70.00,2389.0
BIBB,2.00,172.0,189.0,0.00,29.00,24.00,0.00,1.00,4.00,0.00,30.00,26.00,0.00,34.00,23.00,0.00,7177.0,6152.0,0.00,6826.0,3675.0,24364.0
BLECKLEY,0.00,27.00,21.00,0.00,3.00,3.00,0.00,0.00,0.00,0.00,3.00,1.00,0.00,4.00,4.00,0.00,1317.0,1260.0,0.00,162.0,75.00,2880.0
BRANTLEY,0.00,17.00,26.00,0.00,0.00,0.00,0.00,0.00,0.00,0.00,1.00,2.00,0.00,1.00,2.00,0.00,1757.0,1658.0,0.00,39.00,25.00,3528.0
BROOKS,0.00,36.00,23.00,0.00,1.00,2.00,0.00,0.00,1.00,0.00,1.00,0.00,0.00,4.00,1.00,0.00,582.0,531.0,0.00,452.0,218.0,1852.0
BRYAN,0.00,97.00,90.00,0.00,12.00,3.00,0.00,1.00,1.00,0.00,15.00,23.00,0.00,6.00,10.00,0.00,1870.0,1626.0,0.00,178.0,133.0,4065.0
BULLOCH,0.00,193.0,180.0,0.00,6.00,10.00,0.00,0.00,0.00,0.00,12.00,12.00,0.00,11.00,4.00,1.00,4333.0,3830.0,0.00,715.0,428.0,9735.0
BURKE,0.00,33.00,25.00,0.00,2.00,3.00,0.00,0.00,0.00,0.00,3.00,0.00,0.00,2.00,1.00,0.00,1024.0,969.0,1.00,1360.0,750.0,4173.0
BUTTS,1.00,139.0,103.0,0.00,7.00,6.00,0.00,0.00,1.00,0.00,8.00,6.00,0.00,5.00,1.00,1.00,1679.0,1555.0,0.00,421.0,225.0,4158.0
CALHOUN,0.00,1.00,3.00,0.00,0.00,0.00,0.00,0.00,0.00,0.00,1.00,1.00,0.00,4.00,3.00,0.00,266.0,253.0,0.00,387.0,237.0,1156.0
CAMDEN,0.00,118.0,137.0,0.00,10.00,7.00,0.00,1.00,0.00,0.00,7.00,5.00,0.00,12.00,11.00,0.00,1246.0,1224.0,0.00,427.0,263.0,3468.0
CANDLER,0.00,11.00,20.00,0.00,0.00,0.00,0.00,0.00,0.00,0.00,2.00,2.00,0.00,1.00,2.00,0.00,621.0,521.0,0.00,104.0,59.00,1343.0
CARROLL,0.00,178.0,191.0,0.00,15.00,9.00,0.00,1.00,0.00,0.00,10.00,15.00,0.00,5.00,6.00,0.00,4198.0,4066.0,0.00,369.0,215.0,9278.0
CATOOSA,2.00,121.0,122.0,0.00,4.00,5.00,0.00,0.00,0.00,0.00,6.00,2.00,0.00,6.00,7.00,2.00,2762.0,2768.0,0.00,24.00,23.00,5854.0
CHARLTON,0.00,53.00,55.00,0.00,5.00,2.00,0.00,0.00,0.00,0.00,0.00,1.00,0.00,2.00,7.00,0.00,745.0,681.0,0.00,181.0,124.0,1856.0
CHATHAM,5.00,259.0,217.0,0.00,53.00,38.00,0.00,5.00,2.00,0.00,29.00,30.00,0.00,39.00,28.00,2.00,5941.0,5782.0,2.00,7092.0,3872.0,23396.0
CHATTAHOOCHEE,0.00,15.00,12.00,0.00,2.00,0.00,0.00,1.00,0.00,0.00,0.00,1.00,0.00,1.00,0.00,0.00,279.0,271.0,0.00,161.0,92.00,835.0
CHATTOOGA,0.00,39.00,41.00,0.00,3.00,1.00,0.00,0.00,0.00,0.00,0.00,2.00,0.00,4.00,1.00,0.00,1241.0,1249.0,0.00,92.00,71.00,2744.0
CHEROKEE,2.00,468.0,582.0,1.00,43.00,69.00,0.00,6.00,7.00,0.00,94.00,91.00,0.00,47.00,35.00,4.00,11081.0,10978.0,0.00,280.0,192.0,23980.0
CLARKE,2.00,135.0,155.0,0.00,14.00,15.00,0.00,0.00,1.00,0.00,14.00,12.00,0.00,20.00,14.00,1.00,1986.0,1829.0,0.00,690.0,342.0,5230.0
CLAY,0.00,3.00,3.00,0.00,2.00,0.00,0.00,0.00,0.00,0.00,1.00,0.00,0.00,1.00,0.00,0.00,188.0,163.0,0.00,225.0,123.0,709.0
CLAYTON,3.00,678.0,334.0,0.00,90.00,48.00,0.00,4.00,3.00,0.00,83.00,58.00,0.00,56.00,69.00,0.00,2275.0,1927.0,1.00,10783.0,5477.0,21889.0
CLINCH,0.00,23.00,25.00,0.00,1.00,1.00,0.00,0.00,0.00,0.00,1.00,1.00,0.00,0.00,1.00,0.00,580.0,535.0,0.00,169.0,100.0,1437.0
COBB,5.00,516.0,438.0,0.00,232.0,229.0,0.00,9.00,15.00,0.00,250.0,216.0,0.00,163.0,183.0,9.00,20026.0,20154.0,6.00,5715.0,3099.0,51265.0
COFFEE,1.00,20.00,20.00,0.00,4.00,3.00,0.00,2.00,0.00,0.00,16.00,13.00,0.00,6.00,5.00,0.00,2345.0,2055.0,0.00,703.0,399.0,5592.0
COLQUITT,1.00,49.00,50.00,0.00,9.00,5.00,0.00,0.00,0.00,0.00,12.00,12.00,0.00,2.00,1.00,0.00,2253.0,2199.0,0.00,219.0,132.0,4944.0
COLUMBIA,2.00,311.0,311.0,0.00,35.00,42.00,0.00,5.00,3.00,0.00,47.00,63.00,0.00,94.00,61.00,2.00,6220.0,6545.0,0.00,981.0,708.0,15430.0
COOK,0.00,11.00,19.00,0.00,1.00,1.00,0.00,0.00,0.00,0.00,1.00,1.00,0.00,3.00,4.00,0.00,875.0,882.0,0.00,272.0,171.0,2241.0
COWETA,0.00,309.0,269.0,0.00,19.00,21.00,0.00,0.00,1.00,0.00,16.00,15.00,0.00,15.00,5.00,3.00,5041.0,4788.0,2.00,806.0,383.0,11693.0
CRAWFORD,0.00,14.00,12.00,0.00,1.00,3.00,0.00,0.00,0.00,0.00,0.00,1.00,0.00,1.00,1.00,0.00,652.0,617.0,0.00,381.0,210.0,1893.0
CRISP,0.00,14.00,15.00,0.00,1.00,2.00,0.00,0.00,0.00,0.00,7.00,4.00,0.00,2.00,2.00,0.00,1293.0,1159.0,0.00,458.0,233.0,3190.0
DADE,0.00,60.00,51.00,0.00,1.00,2.00,0.00,0.00,1.00,0.00,2.00,0.00,0.00,3.00,3.00,0.00,1141.0,1135.0,0.00,1.00,2.00,2402.0
DAWSON,1.00,59.00,56.00,0.00,5.00,11.00,0.00,0.00,0.00,0.00,8.00,5.00,0.00,4.00,2.00,0.00,2192.0,2056.0,0.00,6.00,1.00,4406.0
DECATUR,0.00,46.00,42.00,0.00,4.00,9.00,0.00,1.00,0.00,0.00,4.00,13.00,0.00,7.00,2.00,0.00,1896.0,1619.0,0.00,897.0,422.0,4962.0
DEKALB,0.00,1309.0,1048.0,0.00,278.0,199.0,0.00,7.00,9.00,0.00,201.0,171.0,0.00,247.0,196.0,0.00,14723.0,12808.0,0.00,24829.0,12891.0,68916.0
DODGE,0.00,23.00,19.00,0.00,0.00,1.00,0.00,0.00,1.00,0.00,3.00,3.00,0.00,3.00,1.00,0.00,1495.0,1477.0,0.00,338.0,182.0,3546.0
DOOLY,0.00,19.00,13.00,0.00,3.00,0.00,0.00,0.00,0.00,0.00,2.00,1.00,0.00,1.00,0.00,0.00,461.0,432.0,0.00,660.0,370.0,1962.0
DOUGHERTY,1.00,96.00,83.00,0.00,9.00,10.00,0.00,1.00,0.00,0.00,13.00,13.00,0.00,5.00,7.00,1.00,1928.0,1660.0,1.00,5474.0,2766.0,12068.0
DOUGLAS,1.00,307.0,258.0,0.00,48.00,34.00,0.00,3.00,3.00,0.00,38.00,26.00,0.00,18.00,11.00,1.00,5004.0,4577.0,1.00,2283.0,1390.0,14003.0
EARLY,0.00,9.00,9.00,0.00,3.00,0.00,0.00,0.00,0.00,0.00,1.00,4.00,0.00,1.00,0.00,0.00,599.0,524.0,1.00,638.0,293.0,2082.0
ECHOLS,0.00,6.00,10.00,0.00,3.00,1.00,0.00,0.00,1.00,0.00,9.00,6.00,0.00,0.00,0.00,0.00,389.0,353.0,0.00,29.00,10.00,817.0
EFFINGHAM,0.00,58.00,52.00,0.00,5.00,1.00,0.00,1.00,2.00,0.00,4.00,3.00,0.00,2.00,3.00,2.00,1727.0,1657.0,0.00,200.0,131.0,3848.0
ELBERT,0.00,19.00,32.00,0.00,2.00,2.00,0.00,2.00,0.00,0.00,2.00,1.00,0.00,2.00,1.00,0.00,1481.0,1355.0,0.00,230.0,162.0,3291.0
EMANUEL,0.00,10.00,18.00,0.00,1.00,2.00,0.00,0.00,1.00,0.00,2.00,2.00,0.00,1.00,2.00,0.00,798.0,803.0,0.00,149.0,78.00,1867.0
EVANS,1.00,8.00,12.00,0.00,0.00,0.00,0.00,0.00,0.00,0.00,1.00,3.00,0.00,1.00,0.00,0.00,511.0,462.0,0.00,104.0,48.00,1151.0
FANNIN,0.00,62.00,71.00,0.00,6.00,6.00,0.00,2.00,1.00,0.00,3.00,3.00,0.00,7.00,1.00,0.00,2861.0,2792.0,0.00,3.00,1.00,5819.0
FAYETTE,1.00,676.0,619.0,0.00,60.00,54.00,0.00,2.00,1.00,0.00,54.00,44.00,1.00,51.00,39.00,2.00,6647.0,6055.0,0.00,1816.0,1284.0,17406.0
FLOYD,2.00,97.00,81.00,0.00,3.00,2.00,0.00,0.00,3.00,0.00,11.00,12.00,0.00,13.00,7.00,2.00,4263.0,4061.0,0.00,287.0,157.0,9001.0
FORSYTH,9.00,966.0,1003.0,0.00,35.00,23.00,0.00,3.00,1.00,1.00,72.00,74.00,0.00,71.00,71.00,8.00,9010.0,8767.0,0.00,97.00,66.00,20277.0
FRANKLIN,0.00,24.00,32.00,0.00,2.00,0.00,0.00,0.00,0.00,0.00,3.00,2.00,0.00,1.00,0.00,0.00,1695.0,1635.0,0.00,46.00,32.00,3472.0
FULTON,18.00,3113.0,2451.0,0.00,307.0,219.0,0.00,5.00,7.00,0.00,222.0,196.0,1.00,230.0,245.0,7.00,14185.0,14296.0,9.00,21145.0,11267.0,67923.0
GILMER,0.00,66.00,55.00,0.00,5.00,4.00,0.00,0.00,1.00,0.00,5.00,5.00,0.00,2.00,0.00,0.00,2139.0,2105.0,0.00,2.00,3.00,4392.0
GLASCOCK,0.00,12.00,17.00,0.00,0.00,0.00,0.00,0.00,1.00,0.00,0.00,0.00,0.00,0.00,0.00,0.00,610.0,543.0,0.00,33.00,22.00,1238.0
GLYNN,0.00,234.0,221.0,0.00,17.00,14.00,0.00,0.00,2.00,0.00,14.00,22.00,0.00,18.00,13.00,2.00,4257.0,3898.0,0.00,717.0,401.0,9830.0
GORDON,0.00,18.00,21.00,0.00,3.00,1.00,0.00,1.00,0.00,0.00,13.00,12.00,0.00,4.00,1.00,0.00,2780.0,2874.0,0.00,62.00,45.00,5835.0
GRADY,0.00,8.00,9.00,0.00,6.00,0.00,0.00,0.00,0.00,0.00,1.00,2.00,0.00,1.00,1.00,0.00,735.0,711.0,1.00,231.0,110.0,1816.0
GREENE,0.00,73.00,81.00,0.00,3.00,2.00,0.00,0.00,0.00,0.00,6.00,7.00,0.00,3.00,2.00,0.00,1454.0,1432.0,0.00,484.0,271.0,3818.0
GWINNETT,44.00,914.0,786.0,0.00,208.0,190.0,0.00,8.00,10.00,4.00,360.0,293.0,0.00,189.0,199.0,8.00,11559.0,11733.0,14.00,3980.0,2301.0,32800.0
HABERSHAM,0.00,104.0,89.00,0.00,8.00,7.00,0.00,2.00,1.00,0.00,8.00,5.00,0.00,27.00,24.00,2.00,3757.0,3313.0,0.00,35.00,26.00,7408.0
HALL,3.00,242.0,290.0,0.00,18.00,20.00,0.00,1.00,2.00,0.00,47.00,49.00,0.00,15.00,7.00,2.00,5813.0,6090.0,1.00,256.0,159.0,13015.0
HANCOCK,0.00,21.00,22.00,0.00,5.00,4.00,0.00,0.00,1.00,0.00,1.00,0.00,0.00,1.00,1.00,0.00,240.0,254.0,0.00,1447.0,970.0,2967.0
HARALSON,0.00,38.00,34.00,0.00,0.00,4.00,0.00,0.00,1.00,0.00,3.00,1.00,0.00,1.00,1.00,1.00,1972.0,1908.0,0.00,29.00,24.00,4017.0
HARRIS,1.00,45.00,47.00,0.00,7.00,1.00,0.00,0.00,0.00,0.00,7.00,11.00,0.00,6.00,2.00,1.00,1548.0,1590.0,0.00,291.0,181.0,3738.0
HART,0.00,26.00,24.00,0.00,1.00,2.00,0.00,0.00,0.00,0.00,3.00,3.00,0.00,2.00,1.00,1.00,1542.0,1595.0,0.00,198.0,121.0,3519.0
HEARD,0.00,2.00,8.00,0.00,0.00,0.00,0.00,0.00,1.00,0.00,1.00,2.00,0.00,2.00,0.00,2.00,713.0,626.0,0.00,63.00,48.00,1468.0
HENRY,1.00,570.0,457.0,0.00,103.0,68.00,0.00,3.00,1.00,0.00,47.00,28.00,0.00,33.00,25.00,1.00,5064.0,4830.0,1.00,3868.0,2288.0,17388.0
HOUSTON,0.00,92.00,92.00,0.00,11.00,15.00,0.00,2.00,0.00,1.00,18.00,23.00,0.00,25.00,13.00,0.00,3299.0,3329.0,0.00,1131.0,716.0,8767.0
IRWIN,0.00,0.00,1.00,0.00,0.00,0.00,0.00,0.00,0.00,0.00,0.00,0.00,0.00,1.00,0.00,1.00,211.0,224.0,0.00,57.00,29.00,524.0
JACKSON,2.00,77.00,75.00,0.00,5.00,7.00,0.00,0.00,0.00,0.00,12.00,12.00,0.00,4.00,2.00,1.00,2789.0,2810.0,0.00,84.00,65.00,5945.0
JASPER,0.00,2.00,8.00,0.00,1.00,0.00,0.00,0.00,0.00,0.00,1.00,1.00,0.00,2.00,3.00,0.00,665.0,615.0,0.00,169.0,101.0,1568.0
JEFF DAVIS,0.00,9.00,8.00,0.00,2.00,0.00,0.00,0.00,0.00,0.00,9.00,4.00,0.00,2.00,0.00,0.00,1099.0,1055.0,0.00,146.0,100.0,2434.0
JEFFERSON,1.00,44.00,27.00,0.00,2.00,2.00,0.00,0.00,0.00,0.00,1.00,2.00,0.00,1.00,0.00,0.00,883.0,827.0,0.00,1042.0,539.0,3371.0
JENKINS,0.00,18.00,18.00,0.00,1.00,0.00,0.00,0.00,0.00,0.00,0.00,0.00,0.00,0.00,0.00,1.00,478.0,457.0,0.00,350.0,176.0,1499.0
JOHNSON,0.00,9.00,10.00,0.00,0.00,2.00,0.00,0.00,1.00,0.00,1.00,0.00,0.00,1.00,4.00,0.00,797.0,773.0,0.00,455.0,254.0,2307.0
JONES,0.00,2.00,8.00,0.00,1.00,2.00,0.00,2.00,0.00,0.00,3.00,4.00,0.00,5.00,2.00,0.00,1798.0,1768.0,0.00,445.0,285.0,4325.0
LAMAR,0.00,19.00,19.00,0.00,1.00,2.00,0.00,0.00,0.00,0.00,1.00,0.00,0.00,0.00,0.00,0.00,680.0,669.0,0.00,144.0,86.00,1621.0
LANIER,0.00,30.00,32.00,0.00,1.00,2.00,0.00,0.00,0.00,0.00,0.00,2.00,0.00,1.00,4.00,0.00,512.0,463.0,0.00,120.0,82.00,1249.0
LAURENS,0.00,88.00,66.00,0.00,4.00,4.00,0.00,0.00,1.00,0.00,9.00,11.00,0.00,11.00,6.00,1.00,3491.0,3235.0,0.00,1545.0,864.0,9336.0
LEE,0.00,43.00,54.00,0.00,7.00,9.00,0.00,1.00,0.00,0.00,9.00,5.00,0.00,10.00,3.00,0.00,1935.0,1802.0,0.00,368.0,231.0,4477.0
LIBERTY,0.00,88.00,82.00,0.00,20.00,11.00,0.00,2.00,0.00,0.00,47.00,54.00,1.00,26.00,16.00,0.00,1347.0,1293.0,1.00,1387.0,1058.0,5433.0
LINCOLN,0.00,34.00,25.00,0.00,0.00,2.00,0.00,0.00,0.00,0.00,0.00,0.00,0.00,2.00,1.00,0.00,733.0,711.0,0.00,368.0,187.0,2063.0
LONG,1.00,53.00,46.00,0.00,4.00,7.00,0.00,2.00,2.00,0.00,14.00,10.00,0.00,6.00,2.00,0.00,831.0,810.0,0.00,235.0,140.0,2163.0
LOWNDES,1.00,102.0,80.00,0.00,14.00,20.00,0.00,1.00,2.00,0.00,7.00,8.00,0.00,15.00,9.00,1.00,2065.0,2064.0,0.00,1500.0,843.0,6732.0
LUMPKIN,1.00,61.00,71.00,0.00,7.00,6.00,0.00,7.00,5.00,0.00,8.00,4.00,0.00,2.00,3.00,0.00,2039.0,1929.0,0.00,5.00,3.00,4151.0
MCDUFFIE,0.00,24.00,21.00,0.00,2.00,1.00,0.00,1.00,0.00,0.00,6.00,1.00,0.00,2.00,1.00,0.00,1456.0,1284.0,0.00,709.0,350.0,3858.0
MCINTOSH,0.00,38.00,37.00,0.00,4.00,1.00,0.00,0.00,0.00,0.00,1.00,2.00,0.00,1.00,2.00,0.00,959.0,889.0,0.00,493.0,258.0,2685.0
MACON,0.00,13.00,10.00,0.00,3.00,1.00,0.00,0.00,0.00,0.00,1.00,0.00,0.00,4.00,4.00,0.00,539.0,490.0,0.00,903.0,528.0,2496.0
MADISON,2.00,90.00,78.00,0.00,2.00,8.00,0.00,0.00,1.00,0.00,4.00,6.00,0.00,7.00,5.00,1.00,2440.0,2427.0,0.00,98.00,55.00,5224.0
MARION,0.00,14.00,14.00,0.00,2.00,3.00,0.00,0.00,0.00,0.00,3.00,2.00,0.00,1.00,1.00,0.00,489.0,481.0,0.00,252.0,156.0,1418.0
MERIWETHER,0.00,25.00,21.00,0.00,4.00,1.00,0.00,0.00,0.00,0.00,1.00,1.00,0.00,0.00,2.00,0.00,831.0,807.0,0.00,280.0,160.0,2133.0
MILLER,0.00,7.00,4.00,0.00,0.00,1.00,0.00,1.00,1.00,0.00,0.00,0.00,0.00,0.00,0.00,0.00,439.0,411.0,0.00,206.0,98.00,1168.0
MITCHELL,0.00,23.00,14.00,0.00,0.00,2.00,0.00,0.00,0.00,0.00,3.00,3.00,0.00,3.00,0.00,0.00,824.0,744.0,0.00,968.0,464.0,3048.0
MONROE,1.00,67.00,92.00,0.00,3.00,5.00,0.00,1.00,0.00,0.00,5.00,3.00,0.00,4.00,1.00,0.00,1991.0,1975.0,0.00,536.0,298.0,4982.0
MONTGOMERY,0.00,5.00,8.00,0.00,2.00,0.00,0.00,0.00,1.00,0.00,1.00,2.00,0.00,1.00,1.00,0.00,960.0,885.0,0.00,216.0,131.0,2213.0
MORGAN,0.00,20.00,29.00,0.00,3.00,1.00,0.00,0.00,1.00,0.00,5.00,2.00,0.00,2.00,0.00,0.00,1144.0,1034.0,0.00,189.0,85.00,2515.0
MURRAY,0.00,117.0,138.0,0.00,3.00,4.00,0.00,0.00,1.00,0.00,25.00,17.00,0.00,3.00,1.00,0.00,2822.0,2815.0,0.00,2.00,1.00,5949.0
MUSCOGEE,2.00,213.0,175.0,0.00,37.00,20.00,0.00,3.00,1.00,0.00,61.00,44.00,0.00,43.00,28.00,1.00,4061.0,3698.0,0.00,5756.0,3148.0,17291.0
NEWTON,0.00,115.0,121.0,0.00,13.00,6.00,0.00,2.00,2.00,0.00,18.00,16.00,0.00,15.00,4.00,0.00,3053.0,2919.0,0.00,2294.0,1235.0,9813.0
OCONEE,1.00,135.0,143.0,0.00,8.00,7.00,0.00,1.00,0.00,0.00,14.00,13.00,0.00,10.00,7.00,0.00,3284.0,3101.0,0.00,45.00,35.00,6804.0
OGLETHORPE,1.00,44.00,34.00,0.00,5.00,0.00,0.00,2.00,0.00,0.00,3.00,2.00,0.00,3.00,0.00,0.00,1403.0,1298.0,0.00,121.0,56.00,2972.0
PAULDING,1.00,239.0,218.0,0.00,16.00,21.00,0.00,0.00,0.00,0.00,36.00,24.00,0.00,12.00,9.00,0.00,4547.0,4188.0,1.00,439.0,238.0,9989.0
PEACH,0.00,11.00,17.00,0.00,2.00,4.00,0.00,0.00,3.00,0.00,6.00,4.00,0.00,2.00,2.00,0.00,677.0,706.0,0.00,755.0,501.0,2690.0
PICKENS,0.00,19.00,28.00,0.00,2.00,3.00,0.00,0.00,0.00,0.00,6.00,6.00,0.00,1.00,3.00,0.00,2107.0,2095.0,0.00,6.00,8.00,4284.0
PIERCE,0.00,43.00,36.00,0.00,0.00,2.00,1.00,1.00,0.00,0.00,2.00,1.00,0.00,0.00,0.00,0.00,1448.0,1380.0,0.00,76.00,49.00,3039.0
PIKE,1.00,70.00,75.00,0.00,5.00,5.00,0.00,0.00,1.00,0.00,7.00,3.00,0.00,4.00,3.00,0.00,1656.0,1555.0,0.00,123.0,95.00,3603.0
POLK,0.00,56.00,44.00,0.00,2.00,5.00,0.00,1.00,0.00,0.00,9.00,5.00,0.00,1.00,0.00,3.00,2392.0,2196.0,1.00,144.0,68.00,4927.0
PULASKI,0.00,13.00,9.00,0.00,3.00,0.00,0.00,0.00,0.00,0.00,2.00,2.00,0.00,1.00,2.00,0.00,892.0,875.0,0.00,199.0,130.0,2128.0
PUTNAM,0.00,55.00,51.00,0.00,1.00,4.00,0.00,0.00,0.00,0.00,3.00,7.00,0.00,1.00,2.00,0.00,1875.0,1672.0,0.00,351.0,219.0,4241.0
QUITMAN,0.00,6.00,6.00,0.00,0.00,0.00,0.00,0.00,1.00,0.00,1.00,1.00,0.00,1.00,1.00,0.00,202.0,209.0,0.00,182.0,110.0,720.0
RABUN,0.00,71.00,80.00,0.00,3.00,3.00,0.00,1.00,0.00,0.00,10.00,8.00,0.00,2.00,2.00,1.00,2396.0,2148.0,0.00,11.00,8.00,4744.0
RANDOLPH,0.00,15.00,11.00,0.00,2.00,0.00,0.00,0.00,0.00,0.00,0.00,0.00,0.00,0.00,0.00,0.00,508.0,455.0,0.00,660.0,355.0,2006.0
RICHMOND,5.00,691.0,477.0,0.00,78.00,46.00,0.00,2.00,5.00,0.00,34.00,26.00,0.00,32.00,30.00,5.00,5136.0,4735.0,8.00,8956.0,5316.0,25582.0
ROCKDALE,0.00,449.0,333.0,0.00,41.00,25.00,0.00,1.00,4.00,0.00,29.00,19.00,0.00,22.00,18.00,0.00,2231.0,2069.0,1.00,3410.0,1994.0,10646.0
SCHLEY,0.00,5.00,3.00,0.00,1.00,0.00,0.00,0.00,0.00,0.00,0.00,0.00,0.00,4.00,2.00,0.00,490.0,456.0,0.00,90.00,50.00,1101.0
SCREVEN,0.00,8.00,7.00,0.00,1.00,0.00,0.00,0.00,0.00,0.00,3.00,1.00,0.00,1.00,0.00,0.00,643.0,576.0,0.00,217.0,106.0,1563.0
SEMINOLE,0.00,14.00,10.00,0.00,1.00,1.00,0.00,0.00,0.00,0.00,3.00,3.00,0.00,0.00,1.00,1.00,757.0,708.0,0.00,354.0,168.0,2021.0
SPALDING,0.00,82.00,84.00,0.00,12.00,11.00,0.00,1.00,2.00,0.00,12.00,11.00,0.00,11.00,3.00,2.00,3489.0,3251.0,0.00,1112.0,538.0,8621.0
STEPHENS,0.00,41.00,28.00,0.00,3.00,1.00,0.00,0.00,2.00,0.00,3.00,1.00,0.00,2.00,3.00,0.00,2012.0,1888.0,0.00,102.0,64.00,4150.0
STEWART,0.00,8.00,8.00,0.00,3.00,2.00,0.00,0.00,3.00,0.00,1.00,2.00,0.00,2.00,0.00,0.00,318.0,305.0,1.00,539.0,318.0,1510.0
SUMTER,0.00,32.00,37.00,0.00,8.00,12.00,0.00,0.00,0.00,0.00,7.00,4.00,0.00,1.00,1.00,0.00,1880.0,1670.0,0.00,1345.0,750.0,5747.0
TALBOT,0.00,19.00,14.00,0.00,1.00,1.00,0.00,1.00,0.00,0.00,0.00,0.00,0.00,0.00,0.00,0.00,189.0,188.0,0.00,613.0,367.0,1393.0
TALIAFERRO,1.00,4.00,8.00,0.00,1.00,0.00,0.00,0.00,0.00,0.00,0.00,2.00,0.00,0.00,0.00,0.00,164.0,147.0,0.00,229.0,203.0,759.0
TATTNALL,1.00,24.00,29.00,0.00,1.00,4.00,0.00,1.00,0.00,0.00,5.00,3.00,0.00,5.00,4.00,0.00,1377.0,1268.0,0.00,257.0,146.0,3125.0
TAYLOR,0.00,20.00,15.00,0.00,0.00,0.00,0.00,0.00,1.00,0.00,3.00,0.00,0.00,1.00,0.00,0.00,508.0,454.0,0.00,397.0,205.0,1604.0
TELFAIR,0.00,8.00,6.00,0.00,2.00,1.00,0.00,0.00,0.00,0.00,2.00,1.00,0.00,0.00,0.00,0.00,476.0,477.0,0.00,202.0,118.0,1293.0
TERRELL,0.00,25.00,17.00,0.00,2.00,5.00,0.00,0.00,1.00,0.00,1.00,1.00,0.00,0.00,2.00,0.00,577.0,518.0,0.00,809.0,386.0,2344.0
THOMAS,0.00,52.00,27.00,0.00,2.00,1.00,0.00,0.00,0.00,0.00,3.00,1.00,0.00,1.00,1.00,0.00,918.0,922.0,0.00,620.0,320.0,2868.0
TIFT,0.00,31.00,26.00,0.00,5.00,7.00,0.00,0.00,0.00,0.00,8.00,10.00,0.00,5.00,7.00,0.00,2123.0,2000.0,0.00,414.0,206.0,4842.0
TOOMBS,0.00,26.00,30.00,0.00,5.00,4.00,0.00,0.00,0.00,0.00,8.00,5.00,0.00,7.00,4.00,0.00,1987.0,1763.0,0.00,279.0,164.0,4282.0
TOWNS,0.00,33.00,31.00,0.00,0.00,3.00,0.00,0.00,0.00,0.00,2.00,2.00,0.00,2.00,3.00,0.00,1575.0,1485.0,0.00,0.00,0.00,3136.0
TREUTLEN,0.00,17.00,5.00,0.00,0.00,0.00,0.00,0.00,0.00,0.00,1.00,2.00,0.00,0.00,0.00,0.00,536.0,516.0,0.00,292.0,162.0,1531.0
TROUP,0.00,94.00,91.00,0.00,9.00,4.00,0.00,1.00,2.00,0.00,9.00,15.00,0.00,6.00,4.00,0.00,3603.0,3129.0,0.00,660.0,340.0,7967.0
TURNER,0.00,4.00,2.00,0.00,0.00,0.00,0.00,0.00,0.00,0.00,1.00,1.00,0.00,1.00,0.00,0.00,315.0,293.0,0.00,62.00,47.00,726.0
TWIGGS,0.00,31.00,30.00,0.00,1.00,0.00,0.00,0.00,1.00,0.00,2.00,3.00,0.00,2.00,0.00,0.00,596.0,536.0,0.00,638.0,459.0,2299.0
UNION,2.00,89.00,104.0,0.00,4.00,6.00,0.00,1.00,0.00,0.00,8.00,8.00,0.00,5.00,0.00,0.00,2766.0,2580.0,0.00,1.00,1.00,5575.0
UPSON,0.00,41.00,34.00,0.00,4.00,6.00,0.00,0.00,0.00,0.00,4.00,0.00,0.00,0.00,1.00,0.00,1872.0,1661.0,0.00,611.0,372.0,4606.0
WALKER,0.00,175.0,185.0,0.00,4.00,5.00,0.00,1.00,1.00,0.00,3.00,4.00,0.00,5.00,2.00,1.00,3157.0,2974.0,0.00,38.00,23.00,6578.0
WALTON,2.00,491.0,425.0,0.00,15.00,10.00,0.00,0.00,1.00,0.00,14.00,18.00,0.00,8.00,9.00,1.00,4724.0,4470.0,0.00,381.0,235.0,10804.0
WARE,2.00,24.00,35.00,0.00,4.00,6.00,0.00,0.00,1.00,0.00,4.00,6.00,0.00,5.00,8.00,1.00,2398.0,2273.0,0.00,384.0,249.0,5400.0
WARREN,0.00,2.00,4.00,0.00,1.00,0.00,0.00,0.00,1.00,0.00,2.00,0.00,0.00,2.00,1.00,0.00,336.0,305.0,0.00,391.0,209.0,1254.0
WASHINGTON,0.00,27.00,21.00,0.00,2.00,2.00,0.00,0.00,0.00,0.00,4.00,0.00,0.00,4.00,1.00,0.00,1474.0,1320.0,0.00,1468.0,792.0,5115.0
WAYNE,1.00,102.0,88.00,0.00,5.00,7.00,0.00,1.00,1.00,0.00,4.00,7.00,0.00,4.00,7.00,0.00,2303.0,2150.0,0.00,224.0,126.0,5030.0
WEBSTER,0.00,3.00,2.00,0.00,0.00,2.00,0.00,0.00,0.00,0.00,0.00,0.00,0.00,0.00,0.00,0.00,233.0,227.0,0.00,127.0,63.00,657.0
WHEELER,0.00,3.00,6.00,0.00,0.00,0.00,0.00,0.00,0.00,0.00,2.00,1.00,0.00,0.00,0.00,0.00,343.0,359.0,0.00,185.0,145.0,1044.0
WHITE,0.00,29.00,28.00,0.00,1.00,3.00,0.00,1.00,0.00,0.00,2.00,3.00,0.00,3.00,3.00,0.00,2319.0,2114.0,0.00,23.00,15.00,4544.0
WHITFIELD,1.00,227.0,250.0,0.00,8.00,7.00,0.00,1.00,0.00,0.00,192.0,148.0,0.00,11.00,17.00,1.00,4712.0,4350.0,0.00,230.0,144.0,10299.0
WILCOX,0.00,1.00,5.00,0.00,0.00,1.00,0.00,0.00,1.00,0.00,2.00,3.00,0.00,1.00,1.00,1.00,768.0,697.0,0.00,171.0,102.0,1754.0
WILKES,0.00,16.00,14.00,0.00,3.00,2.00,0.00,2.00,0.00,0.00,1.00,1.00,0.00,2.00,2.00,1.00,1089.0,1012.0,0.00,610.0,325.0,3080.0
WILKINSON,0.00,6.00,8.00,0.00,0.00,2.00,0.00,0.00,1.00,0.00,0.00,0.00,0.00,1.00,0.00,0.00,484.0,467.0,0.00,672.0,391.0,2032.0
WORTH,2.00,20.00,27.00,0.00,3.00,6.00,0.00,0.00,0.00,0.00,2.00,2.00,0.00,3.00,1.00,0.00,1461.0,1410.0,0.00,404.0,216.0,3557.0
TOTAL,143.0,19180.0,17040.0,1.00,2235.0,1869.0,1.00,125.0,148.0,6.00,2669.0,2334.0,3.00,1960.0,1676.0,97.00,358901.0,341388.0,54.00,167913.0,92845.0,1010588.0
